0 0 0 0
14 47 51 225

0.066 0.253968253968254 0.19047619047619 1.07936507936508
0.099 0.111111111111111 0 1.01587301587302
0.133 0.0793650793650794 0.126984126984127 1.04761904761905
0.233 0.0952380952380952 0.0634920634920635 1.06349206349206
0.433 0.0952380952380952 0.0158730158730159 1
0.833 0.0793650793650794 0 1.03174603174603
1.066 0.0634920634920635 0.0793650793650794 1.03174603174603
1.166 0.0952380952380952 0 1.03174603174603
1.399 0.0634920634920635 0.0793650793650794 1.04761904761905
1.699 0.0793650793650794 0.0158730158730159 1.01587301587302
1.833 0.0476190476190476 0.0793650793650794 1.03174603174603
2.233 0.0634920634920635 0.0952380952380952 1.01587301587302
2.566 0.0793650793650794 0.0317460317460317 1.03174603174603
2.966 0.0634920634920635 0.0476190476190476 1.03174603174603
3.366 0.0793650793650794 0.0476190476190476 1.03174603174603
3.766 0.0793650793650794 0.0476190476190476 1.01587301587302
4.166 0.0793650793650794 0.0476190476190476 1.06349206349206
4.566 0.0793650793650794 0.0476190476190476 1.03174603174603
4.966 0.0634920634920635 0.0476190476190476 1.01587301587302
5.366 0.0793650793650794 0.0634920634920635 1.01587301587302
5.766 0.0634920634920635 0.0634920634920635 1.01587301587302
5.899 0.0634920634920635 0 1.03174603174603
5.966 0.0634920634920635 0.142857142857143 1.04761904761905
5.999 0.0634920634920635 0.0793650793650794 1
6.266 0.0793650793650794 0.0476190476190476 1.06349206349206
6.599 0.0793650793650794 0.0317460317460317 1
6.999 0.0634920634920635 0.0317460317460317 1.03174603174603
7.399 0.0634920634920635 0.0476190476190476 1
7.799 0.0793650793650794 0.0634920634920635 1
7.866 0.0793650793650794 0.0317460317460317 1.06349206349206
7.899 0.0793650793650794 0.0317460317460317 0.984126984126984
7.966 0.0793650793650794 0.0634920634920635 1.04761904761905
8.366 0.0793650793650794 0.0158730158730159 1.03174603174603
8.466 0.0634920634920635 0.0793650793650794 1.03174603174603
8.866 0.0634920634920635 0.0793650793650794 1.04761904761905
9.099 0.0793650793650794 0.0158730158730159 1.01587301587302
9.266 0.0793650793650794 0.0952380952380952 1.03174603174603
9.332 0.0793650793650794 0 1.01587301587302
9.399 0.0793650793650794 0.0634920634920635 1.04761904761905
9.466 0.0634920634920635 0.0317460317460317 0.984126984126984
9.599 0.0793650793650794 0.0476190476190476 1.04761904761905
9.999 0.0793650793650794 0.0317460317460317 1.01587301587302
10.399 0.0793650793650794 0.0317460317460317 0.968253968253968
10.466 0.0634920634920635 0.0634920634920635 1.03174603174603
10.866 0.0634920634920635 0.0634920634920635 1.03174603174603
10.999 0.0793650793650794 0 1.01587301587302
11.099 0.0793650793650794 0.0634920634920635 1.04761904761905
11.499 0.0793650793650794 0.0476190476190476 1.03174603174603
11.899 0.0793650793650794 0.0476190476190476 1.03174603174603
12.299 0.0793650793650794 0.0476190476190476 1.01587301587302
12.699 0.0793650793650794 0.0476190476190476 1.03174603174603
13.099 0.0634920634920635 0.0634920634920635 1.01587301587302
13.499 0.0793650793650794 0.0476190476190476 1
13.899 0.0793650793650794 0.0317460317460317 1.03174603174603
14.299 0.0793650793650794 0.0476190476190476 1.03174603174603
14.699 0.0793650793650794 0.0634920634920635 1.03174603174603
15.099 0.0793650793650794 0.0476190476190476 1.03174603174603
15.499 0.0793650793650794 0.0634920634920635 1.03174603174603
15.899 0.0634920634920635 0.0634920634920635 1.01587301587302
16.299 0.0634920634920635 0.0476190476190476 1
16.699 0.0634920634920635 0.0317460317460317 1.03174603174603
17.099 0.0634920634920635 0.0317460317460317 1.01587301587302
17.299 0.0793650793650794 0.0952380952380952 1.03174603174603
17.465 0.0634920634920635 0.0317460317460317 1.03174603174603
17.865 0.0634920634920635 0.0158730158730159 1.04761904761905
17.899 0.0634920634920635 0.0793650793650794 1.04761904761905
18.299 0.0952380952380952 0.0476190476190476 1
18.699 0.0793650793650794 0.0317460317460317 1.01587301587302
19.099 0.0634920634920635 0.0476190476190476 1.03174603174603
19.499 0.0793650793650794 0.0634920634920635 1.06349206349206
19.899 0.0634920634920635 0.0476190476190476 1
20.299 0.0793650793650794 0.0476190476190476 1.01587301587302
20.699 0.0634920634920635 0.0476190476190476 1.01587301587302
21.099 0.0793650793650794 0.0317460317460317 1.01587301587302
21.499 0.0793650793650794 0.0634920634920635 1.04761904761905
21.899 0.0793650793650794 0.0317460317460317 1
22.299 0.0793650793650794 0.0476190476190476 1.01587301587302
22.699 0.0634920634920635 0.0476190476190476 1.01587301587302
23.032 0.0793650793650794 -0.0158730158730159 1.01587301587302
23.065 0.0476190476190476 0.158730158730159 1.01587301587302
23.099 0.0793650793650794 -0.0634920634920635 1.01587301587302
23.132 0.0476190476190476 0.158730158730159 1.03174603174603
23.165 0.0952380952380952 -0.0476190476190476 1
23.365 0.0793650793650794 0 1.03174603174603
23.399 0.0476190476190476 0.126984126984127 1
23.432 0.0793650793650794 -0.0793650793650794 1.01587301587302
23.465 0.0476190476190476 0.174603174603175 1.01587301587302
23.499 0.0793650793650794 -0.0793650793650794 1
23.532 0.0634920634920635 0.158730158730159 1.04761904761905
23.565 0.0952380952380952 -0.0158730158730159 1.03174603174603
23.599 0.0793650793650794 0.0634920634920635 1.03174603174603
23.732 0.111111111111111 -0.0634920634920635 1
23.765 0.0634920634920635 0.158730158730159 1.06349206349206
23.799 0.0793650793650794 -0.0634920634920635 1
23.865 0.0476190476190476 0.174603174603175 1.04761904761905
23.899 0.0793650793650794 -0.0634920634920635 1.03174603174603
23.932 0.0476190476190476 0.158730158730159 1.06349206349206
23.965 0.0634920634920635 -0.0317460317460317 1.03174603174603
23.999 0.0793650793650794 0.0952380952380952 1.03174603174603
24.065 0.0793650793650794 -0.0158730158730159 1.03174603174603
24.099 0.0634920634920635 0.126984126984127 1
24.132 0.0952380952380952 -0.0634920634920635 1.01587301587302
24.165 0.0476190476190476 0.174603174603175 1.04761904761905
24.199 0.0952380952380952 -0.0952380952380952 1.01587301587302
24.232 0.0476190476190476 0.174603174603175 1.06349206349206
24.265 0.111111111111111 -0.0476190476190476 1.01587301587302
24.299 0.0634920634920635 0.126984126984127 1.04761904761905
24.332 0.0793650793650794 0.0158730158730159 1.03174603174603
24.399 0.0793650793650794 0.0952380952380952 1.04761904761905
24.465 0.0793650793650794 0.0158730158730159 1.03174603174603
24.499 0.0793650793650794 0.126984126984127 0.984126984126984
24.532 0.0793650793650794 -0.0634920634920635 1.01587301587302
24.565 0.0476190476190476 0.174603174603175 1.01587301587302
24.599 0.0793650793650794 -0.0634920634920635 1
24.632 0.0476190476190476 0.174603174603175 1.03174603174603
24.665 0.0952380952380952 -0.0476190476190476 1.01587301587302
24.699 0.0952380952380952 0.126984126984127 1.03174603174603
24.732 0.0793650793650794 0 1
24.765 0.0793650793650794 0.0634920634920635 1.04761904761905
24.832 0.0952380952380952 -0.0158730158730159 1
24.865 0.0634920634920635 0.142857142857143 1.01587301587302
24.932 0.0793650793650794 -0.0476190476190476 1.01587301587302
24.965 0.0476190476190476 0.174603174603175 1.03174603174603
24.999 0.0793650793650794 -0.0952380952380952 1.03174603174603
25.032 0.0476190476190476 0.19047619047619 1.03174603174603
25.065 0.0952380952380952 -0.0634920634920635 1
25.099 0.0634920634920635 0.126984126984127 1.06349206349206
25.132 0.0793650793650794 -0.0158730158730159 1.01587301587302
25.165 0.0793650793650794 0.0476190476190476 1.03174603174603
25.232 0.0952380952380952 -0.0158730158730159 1.03174603174603
25.265 0.0634920634920635 0.126984126984127 1
25.298 0.0952380952380952 -0.0634920634920635 1.03174603174603
25.332 0.0476190476190476 0.174603174603175 1.04761904761905
25.365 0.111111111111111 0.158730158730159 1.03174603174603
25.465 0.0793650793650794 -0.0634920634920635 1.01587301587302
25.498 0.0476190476190476 0.174603174603175 1.04761904761905
25.532 0.0793650793650794 -0.0158730158730159 1.03174603174603
25.565 0.0634920634920635 0.111111111111111 1.01587301587302
25.598 0.0793650793650794 0.0317460317460317 0.984126984126984
25.665 0.0634920634920635 0.111111111111111 1.03174603174603
25.698 0.0952380952380952 -0.0476190476190476 1.03174603174603
25.732 0.0476190476190476 0.174603174603175 1.03174603174603
25.765 0.0952380952380952 -0.0793650793650794 1.03174603174603
25.798 0.0634920634920635 0.19047619047619 1.03174603174603
25.832 0.0793650793650794 -0.0793650793650794 1.01587301587302
25.865 0.0476190476190476 0.174603174603175 1.01587301587302
25.898 0.0952380952380952 -0.0476190476190476 1.01587301587302
25.965 0.0476190476190476 0.158730158730159 1.01587301587302
25.998 0.0793650793650794 -0.0317460317460317 1.01587301587302
26.032 0.0793650793650794 0.0952380952380952 1.03174603174603
26.098 0.0793650793650794 0.0317460317460317 1.01587301587302
26.132 0.0476190476190476 0.111111111111111 1.01587301587302
26.165 0.0952380952380952 -0.0317460317460317 1.01587301587302
26.265 0.0476190476190476 0.19047619047619 1.01587301587302
26.398 0.0634920634920635 0.126984126984127 1.04761904761905
26.432 0.0793650793650794 0.0317460317460317 1
26.498 0.0476190476190476 0.0952380952380952 1.01587301587302
26.565 0.0793650793650794 0.0158730158730159 1.01587301587302
26.598 0.0634920634920635 0.111111111111111 1.01587301587302
26.632 0.0952380952380952 -0.0317460317460317 1.03174603174603
26.665 0.0476190476190476 0.158730158730159 1.03174603174603
26.898 0.0634920634920635 0.0158730158730159 0.984126984126984
26.932 0.0793650793650794 0.0476190476190476 1.04761904761905
26.965 0.0634920634920635 0.111111111111111 1
26.998 0.0952380952380952 0.0317460317460317 1.03174603174603
27.065 0.0793650793650794 0.0952380952380952 1.01587301587302
27.098 0.0952380952380952 -0.0476190476190476 1.03174603174603
27.132 0.0476190476190476 0.142857142857143 1
27.165 0.0952380952380952 -0.0634920634920635 1.01587301587302
27.198 0.0476190476190476 0.174603174603175 1.03174603174603
27.232 0.0793650793650794 -0.0952380952380952 1.04761904761905
27.265 0.0476190476190476 0.174603174603175 1.04761904761905
27.298 0.0793650793650794 -0.0317460317460317 1.04761904761905
27.332 0.0634920634920635 0.142857142857143 1.03174603174603
27.365 0.0793650793650794 0.0158730158730159 1.01587301587302
27.498 0.0476190476190476 0.126984126984127 1.03174603174603
27.565 0.0634920634920635 0.0158730158730159 1.03174603174603
27.598 0.0476190476190476 0.158730158730159 1.01587301587302
27.632 0.0952380952380952 -0.0476190476190476 1
27.665 0.0634920634920635 0.19047619047619 1.03174603174603
27.698 0.0793650793650794 -0.0634920634920635 1.01587301587302
27.732 0.0317460317460317 0.174603174603175 1.04761904761905
27.765 0.0793650793650794 -0.0634920634920635 1
27.798 0.0634920634920635 0.158730158730159 1.06349206349206
27.832 0.0793650793650794 -0.0317460317460317 1.03174603174603
27.865 0.0317460317460317 0.126984126984127 1.01587301587302
27.898 0.0793650793650794 0 1
27.932 0.0793650793650794 0.0793650793650794 1.04761904761905
27.965 0.0793650793650794 0.0793650793650794 0.984126984126984
27.998 0.0634920634920635 0 1.03174603174603
28.032 0.0793650793650794 0.126984126984127 1.03174603174603
28.098 0.0634920634920635 0.0476190476190476 1.01587301587302
28.498 0.0634920634920635 0.0634920634920635 1.03174603174603
28.898 0.0793650793650794 0.0317460317460317 1.01587301587302
29.298 0.0634920634920635 0.0793650793650794 1
29.698 0.0793650793650794 0.0317460317460317 1.03174603174603
30.098 0.0793650793650794 0.0317460317460317 1
30.498 0.0634920634920635 0.0476190476190476 1.03174603174603
30.898 0.0634920634920635 0.0634920634920635 1.03174603174603
31.298 0.0634920634920635 0.0634920634920635 1.03174603174603
31.332 0.0793650793650794 -0.0158730158730159 1.03174603174603
31.365 0.0634920634920635 0.0476190476190476 1
31.765 0.0634920634920635 0.0476190476190476 1.06349206349206
31.865 0.0793650793650794 0.0476190476190476 1
32.265 0.0476190476190476 0.0317460317460317 1
32.698 0.0634920634920635 0.0634920634920635 1.01587301587302
33.098 0.0634920634920635 0.0317460317460317 1.01587301587302
33.498 0.0634920634920635 0.0476190476190476 1
33.898 0.0793650793650794 0.0476190476190476 1.01587301587302
34.298 0.0634920634920635 0.0634920634920635 1.03174603174603
34.698 0.0634920634920635 0.0476190476190476 1.01587301587302
35.098 0.0634920634920635 0.0476190476190476 1.03174603174603
35.498 0.0634920634920635 0.0476190476190476 1
35.898 0.0634920634920635 0.0476190476190476 1.03174603174603
36.298 0.0476190476190476 0.0634920634920635 1.03174603174603
36.698 0.0634920634920635 0.0634920634920635 1.04761904761905
37.098 0.0634920634920635 0.0476190476190476 1.01587301587302
37.498 0.0634920634920635 0.0476190476190476 1.06349206349206
37.565 0.0634920634920635 0.0317460317460317 1
37.965 0.0793650793650794 0.0317460317460317 1.03174603174603
38.765 0.0793650793650794 0.0317460317460317 1.03174603174603
39.165 0.0634920634920635 0.0317460317460317 1.01587301587302
39.565 0.0634920634920635 0.0476190476190476 1
39.965 0.0793650793650794 0.0476190476190476 1.01587301587302
40.365 0.0793650793650794 0.0476190476190476 1
40.765 0.0634920634920635 0.0317460317460317 1
41.165 0.0634920634920635 0.0158730158730159 0.968253968253968
41.265 0.0634920634920635 0.0793650793650794 1.04761904761905
41.298 0.0634920634920635 0.0158730158730159 1.01587301587302
41.498 0.0793650793650794 0.0793650793650794 1.01587301587302
41.898 0.0793650793650794 0.0634920634920635 1.01587301587302
42.298 0.0476190476190476 0.0634920634920635 1.01587301587302
42.698 0.0476190476190476 0.0476190476190476 1
43.098 0.0793650793650794 0.0793650793650794 1.01587301587302
43.164 0.0634920634920635 0.0158730158730159 1.03174603174603
43.364 0.0634920634920635 0.0793650793650794 1.03174603174603
43.631 0.0634920634920635 0 1
43.698 0.0793650793650794 0.0793650793650794 1.04761904761905
43.798 0.0793650793650794 0.0158730158730159 1.01587301587302
43.998 0.0634920634920635 0.0952380952380952 1.03174603174603
44.031 0.0634920634920635 0.0158730158730159 1
44.264 0.0634920634920635 0.0793650793650794 1.04761904761905
44.531 0.0793650793650794 0.0158730158730159 1.03174603174603
44.564 0.0634920634920635 0.0793650793650794 1.03174603174603
44.798 0.0634920634920635 0.0158730158730159 1.01587301587302
44.898 0.0634920634920635 0.0793650793650794 1
45.031 0.0634920634920635 0.0158730158730159 1
45.064 0.0793650793650794 0.0793650793650794 1.03174603174603
45.131 0.0793650793650794 0.0158730158730159 1.06349206349206
45.431 0.0634920634920635 0.0476190476190476 1
45.831 0.0476190476190476 0.0634920634920635 1.01587301587302
46.231 0.0634920634920635 0.0476190476190476 1.03174603174603
46.631 0.0634920634920635 0.0317460317460317 1.04761904761905
46.764 0.0634920634920635 0.0634920634920635 0.984126984126984
46.798 0.0634920634920635 0.0634920634920635 1.04761904761905
47.198 0.0634920634920635 0.0634920634920635 1
47.598 0.0634920634920635 0.0317460317460317 1
47.998 0.0634920634920635 0.0476190476190476 1.03174603174603
48.331 0.0793650793650794 -0.0317460317460317 1.01587301587302
48.364 0.0634920634920635 0.0952380952380952 1.06349206349206
48.398 0.0476190476190476 -0.0158730158730159 0.984126984126984
48.564 0.0793650793650794 0.0158730158730159 1.04761904761905
48.731 0.0634920634920635 0.0793650793650794 1.01587301587302
49.131 0.0793650793650794 0.0476190476190476 1.03174603174603
49.531 0.0634920634920635 0.0476190476190476 1.01587301587302
49.931 0.0634920634920635 0.0634920634920635 1.01587301587302
50.331 0.0793650793650794 0.0634920634920635 1.01587301587302
50.731 0.0793650793650794 0.0476190476190476 1
51.131 0.0476190476190476 0.0476190476190476 1.01587301587302
51.531 0.0634920634920635 0.0476190476190476 1.03174603174603
51.931 0.0634920634920635 0.0476190476190476 0.984126984126984
52.131 0.0634920634920635 0.0634920634920635 1.04761904761905
52.531 0.0634920634920635 0.0317460317460317 1.01587301587302
52.931 0.0634920634920635 0.0793650793650794 1.01587301587302
52.964 0.0634920634920635 0.0158730158730159 1
53.431 0.0634920634920635 0.0634920634920635 0.968253968253968
53.464 0.0793650793650794 0.0158730158730159 1.03174603174603
53.664 0.0476190476190476 0.0952380952380952 1.01587301587302
54.064 0.0634920634920635 0.0634920634920635 1.01587301587302
54.464 0.0634920634920635 0.0476190476190476 1.04761904761905
54.864 0.0634920634920635 0.0476190476190476 1.01587301587302
55.264 0.0634920634920635 0.0634920634920635 1.01587301587302
55.664 0.0634920634920635 0.0634920634920635 1.01587301587302
56.064 0.0634920634920635 0.0476190476190476 1.03174603174603
56.464 0.0634920634920635 0.0634920634920635 1.04761904761905
56.831 0.0634920634920635 0.126984126984127 1.06349206349206
56.964 0.0793650793650794 0.0634920634920635 1.01587301587302
56.997 0.0634920634920635 0.0952380952380952 1.07936507936508
57.031 0.0793650793650794 0.0158730158730159 1.03174603174603
57.064 0.0793650793650794 0.0317460317460317 0.968253968253968
57.097 0.0476190476190476 0.111111111111111 1.03174603174603
57.131 0.0793650793650794 0.0317460317460317 1.03174603174603
57.197 0.0634920634920635 0.0952380952380952 1.04761904761905
57.264 0.0793650793650794 -0.0158730158730159 0.984126984126984
57.297 0.0634920634920635 0.0952380952380952 1.03174603174603
57.364 0.0634920634920635 0.0158730158730159 1
57.397 0.0634920634920635 0.0793650793650794 1.01587301587302
57.464 0.0793650793650794 0 1.01587301587302
57.564 0.0476190476190476 0.126984126984127 1.06349206349206
57.597 0.0634920634920635 0.0158730158730159 1.04761904761905
57.631 0.0634920634920635 0.0317460317460317 0.968253968253968
57.664 0.0317460317460317 0.0952380952380952 1.07936507936508
57.697 0.0634920634920635 0.0158730158730159 1.01587301587302
57.764 0.0634920634920635 0.0952380952380952 1.03174603174603
57.831 0.0793650793650794 0 0.984126984126984
57.864 0.0634920634920635 0.111111111111111 1.04761904761905
57.931 0.0793650793650794 0 0.984126984126984
57.964 0.0476190476190476 0.0793650793650794 1.03174603174603
58.031 0.0793650793650794 0.0158730158730159 1
58.131 0.0634920634920635 0.126984126984127 1.06349206349206
58.164 0.0634920634920635 0.0158730158730159 1.03174603174603
58.231 0.0634920634920635 0.126984126984127 1.06349206349206
58.264 0.0634920634920635 0.0317460317460317 1.03174603174603
58.297 0.0793650793650794 0.0158730158730159 0.968253968253968
58.331 0.0634920634920635 0.111111111111111 1.06349206349206
58.364 0.0793650793650794 0.0476190476190476 1.01587301587302
58.497 0.0793650793650794 -0.0158730158730159 1
58.53 0.0634920634920635 0.111111111111111 1.03174603174603
58.63 0.0952380952380952 0 1.04761904761905
58.664 0.0634920634920635 0.0634920634920635 0.968253968253968
58.697 0.0634920634920635 0.111111111111111 1.04761904761905
58.73 0.0793650793650794 0 1.01587301587302
58.797 0.0634920634920635 0.126984126984127 1.04761904761905
58.83 0.0634920634920635 0.0317460317460317 1.01587301587302
58.897 0.0634920634920635 0.126984126984127 1.07936507936508
58.93 0.0634920634920635 0.0476190476190476 1
58.997 0.0634920634920635 0.111111111111111 1.06349206349206
59.03 0.0793650793650794 0.0476190476190476 1.01587301587302
59.097 0.0793650793650794 -0.0158730158730159 1.03174603174603
59.13 0.0634920634920635 0.0793650793650794 1
59.197 0.0634920634920635 0 1
59.264 0.0634920634920635 0.111111111111111 1.0952380952381
59.297 0.0634920634920635 -0.0158730158730159 1.03174603174603
59.33 0.0634920634920635 0.0476190476190476 0.984126984126984
59.364 0.0634920634920635 0.111111111111111 1.06349206349206
59.397 0.0793650793650794 0.0476190476190476 1.03174603174603
59.43 0.0793650793650794 0.0158730158730159 0.968253968253968
59.464 0.0634920634920635 0.126984126984127 1.07936507936508
59.497 0.0634920634920635 0.0476190476190476 1.04761904761905
59.564 0.0476190476190476 0.111111111111111 1.04761904761905
59.63 0.0793650793650794 -0.0158730158730159 1.01587301587302
59.697 0.0634920634920635 0.0634920634920635 1.01587301587302
59.73 0.0476190476190476 0.126984126984127 1.04761904761905
59.764 0.0793650793650794 0.0158730158730159 1.03174603174603
59.83 0.0634920634920635 0.111111111111111 1.04761904761905
59.864 0.0634920634920635 0.0317460317460317 0.984126984126984
59.93 0.0476190476190476 0.111111111111111 1.04761904761905
59.964 0.0793650793650794 0.0317460317460317 1.01587301587302
60.03 0.0634920634920635 0.111111111111111 1.07936507936508
60.06 0.0634920634920635 0.0634920634920635 1.01587301587302
60.1 0.0793650793650794 -0.0158730158730159 1
60.13 0.0634920634920635 0.0952380952380952 1.06349206349206
60.23 0.0793650793650794 0 1
60.26 0.0634920634920635 0.0634920634920635 1.01587301587302
60.3 0.0476190476190476 0.142857142857143 1.04761904761905
60.33 0.0634920634920635 0.0158730158730159 1.04761904761905
60.36 0.0634920634920635 0.0317460317460317 0.952380952380952
60.4 0.0476190476190476 0.126984126984127 1.06349206349206
60.43 0.0634920634920635 0.0476190476190476 1.03174603174603
60.5 0.0476190476190476 0.111111111111111 1.06349206349206
60.53 0.0634920634920635 0.0317460317460317 1.03174603174603
60.56 0.0793650793650794 0 0.968253968253968
60.6 0.0476190476190476 0.111111111111111 1.06349206349206
60.63 0.0634920634920635 0.0476190476190476 1.01587301587302
60.7 0.0634920634920635 0.111111111111111 1.04761904761905
60.8 0.0793650793650794 0.0158730158730159 1
60.86 0.0634920634920635 0.126984126984127 1.04761904761905
60.9 0.0793650793650794 0.0317460317460317 1
60.96 0.0476190476190476 0.126984126984127 1.07936507936508
61 0.0476190476190476 0.0476190476190476 1.04761904761905
61.03 0.0793650793650794 0.0158730158730159 0.968253968253968
61.06 0.0634920634920635 0.111111111111111 1.04761904761905
61.13 0.0634920634920635 0.0158730158730159 0.984126984126984
61.16 0.0476190476190476 0.0793650793650794 1.03174603174603
61.23 0.0793650793650794 -0.0158730158730159 0.968253968253968
61.3 0.0634920634920635 0.0634920634920635 1.01587301587302
61.33 0.0634920634920635 0.126984126984127 1.07936507936508
61.36 0.0634920634920635 0.0317460317460317 1.01587301587302
61.43 0.0476190476190476 0.111111111111111 1.0952380952381
61.46 0.0634920634920635 0.0476190476190476 1.01587301587302
61.53 0.0476190476190476 0.126984126984127 1.07936507936508
61.56 0.0634920634920635 0.0634920634920635 1.01587301587302
61.6 0.0793650793650794 -0.0158730158730159 1
61.63 0.0476190476190476 0.111111111111111 1.04761904761905
61.7 0.0793650793650794 0 0.984126984126984
61.73 0.0634920634920635 0.0952380952380952 1.04761904761905
61.8 0.0793650793650794 -0.0158730158730159 1.01587301587302
61.9 0.0476190476190476 0.111111111111111 1.06349206349206
61.93 0.0634920634920635 0.0317460317460317 1.03174603174603
62 0.0476190476190476 0.111111111111111 1.06349206349206
62.06 0.0793650793650794 0.0158730158730159 0.984126984126984
62.1 0.0634920634920635 0.0952380952380952 1.04761904761905
62.16 0.0634920634920635 -0.0158730158730159 1.01587301587302
62.2 0.0634920634920635 0.0476190476190476 1
62.6 0.0634920634920635 0.0634920634920635 1.03174603174603
63 0.0634920634920635 0.0476190476190476 1.03174603174603
63.4 0.0634920634920635 0.0634920634920635 1.03174603174603
63.8 0.0634920634920635 0.0476190476190476 1.03174603174603
64.2 0.0476190476190476 0.0476190476190476 1.01587301587302
64.6 0.0476190476190476 0.0634920634920635 1.01587301587302
65 0.0634920634920635 0.0634920634920635 1.01587301587302
65.3 0.0634920634920635 0 0.984126984126984
65.33 0.0634920634920635 0.126984126984127 1
65.46 0.0634920634920635 0.0476190476190476 1.04761904761905
65.5 0.0476190476190476 0.0634920634920635 0.984126984126984
65.63 0.0634920634920635 0.0793650793650794 1.06349206349206
65.66 0.0634920634920635 0.0476190476190476 0.968253968253968
65.7 0.0793650793650794 0.0793650793650794 1.04761904761905
65.73 0.0476190476190476 0.0476190476190476 0.936507936507937
65.76 0.0634920634920635 0.0634920634920635 1.07936507936508
65.8 0.0476190476190476 0.0476190476190476 0.984126984126984
65.83 0.0634920634920635 0.0952380952380952 1.06349206349206
65.86 0.0634920634920635 0.0158730158730159 1
65.9 0.0634920634920635 0.0793650793650794 1
66.1 0.0793650793650794 0.0952380952380952 1.06349206349206
66.2 0.0634920634920635 0.0317460317460317 1.01587301587302
66.33 0.0793650793650794 0.0952380952380952 1.04761904761905
66.46 0.0952380952380952 0.0158730158730159 1.01587301587302
66.5 0.0476190476190476 0.0952380952380952 1.01587301587302
66.66 0.0476190476190476 0.0317460317460317 1
66.76 0.0317460317460317 0.0952380952380952 1.03174603174603
66.8 0.0793650793650794 0.0317460317460317 1.04761904761905
66.86 0.0476190476190476 0.0952380952380952 1.04761904761905
67 0.0634920634920635 0.0317460317460317 1
67.03 0.0476190476190476 0.0952380952380952 1.01587301587302
67.1 0.0634920634920635 0.0158730158730159 0.984126984126984
67.13 0.0634920634920635 0.0952380952380952 1.01587301587302
67.43 0.0793650793650794 0.0158730158730159 1.01587301587302
67.46 0.0634920634920635 0.0793650793650794 0.984126984126984
67.5 0.0634920634920635 0.0634920634920635 1.04761904761905
67.73 0.0634920634920635 0 0.984126984126984
67.76 0.0793650793650794 0.0634920634920635 1.03174603174603
68.26 0.0793650793650794 0.0793650793650794 1
68.33 0.0634920634920635 0.0158730158730159 1.01587301587302
68.36 0.0634920634920635 0.0793650793650794 1
68.63 0.0634920634920635 0 1
68.66 0.0476190476190476 0.111111111111111 1.03174603174603
68.7 0.0793650793650794 0.0476190476190476 1.03174603174603
68.76 0.0634920634920635 0.111111111111111 1.04761904761905
68.83 0.0634920634920635 0.0476190476190476 1.04761904761905
68.93 0.0634920634920635 0.111111111111111 1.04761904761905
68.96 0.0634920634920635 0.0317460317460317 1.01587301587302
69.23 0.0476190476190476 0.111111111111111 1.04761904761905
69.26 0.0634920634920635 0 1.03174603174603
69.3 0.0634920634920635 0.0634920634920635 0.984126984126984
69.33 0.0476190476190476 0.0793650793650794 1.04761904761905
69.53 0.0634920634920635 0.0158730158730159 0.968253968253968
69.56 0.0476190476190476 0.0952380952380952 1.03174603174603
69.63 0.0793650793650794 0.0317460317460317 1
69.66 0.0634920634920635 0.0952380952380952 1
69.7 0.0476190476190476 0.0476190476190476 1.06349206349206
69.83 0.0634920634920635 0.0317460317460317 1
69.86 0.0476190476190476 0.0952380952380952 1.04761904761905
69.96 0.0793650793650794 0.0317460317460317 1.03174603174603
70.13 0.0476190476190476 0.0952380952380952 1.04761904761905
70.16 0.0634920634920635 0.0317460317460317 1.03174603174603
70.2 0.0634920634920635 0.0476190476190476 0.968253968253968
70.23 0.0634920634920635 0.0952380952380952 1.04761904761905
70.26 0.0793650793650794 0.0158730158730159 1.04761904761905
70.3 0.0634920634920635 0.0634920634920635 0.984126984126984
70.36 0.0634920634920635 0.0476190476190476 1.04761904761905
70.46 0.0793650793650794 0.0634920634920635 0.984126984126984
70.53 0.0634920634920635 0.0158730158730159 1.04761904761905
70.6 0.0634920634920635 0.0952380952380952 1.06349206349206
70.63 0.0793650793650794 0.0317460317460317 1.03174603174603
70.66 0.0634920634920635 0.0634920634920635 0.968253968253968
70.7 0.0634920634920635 0.0793650793650794 1.04761904761905
71.1 0.0476190476190476 0.0634920634920635 1.01587301587302
71.5 0.0634920634920635 0.0476190476190476 1.03174603174603
71.9 0.0476190476190476 0.0634920634920635 1.01587301587302
72.3 0.0634920634920635 0.0634920634920635 1.01587301587302
72.7 0.0634920634920635 0.0476190476190476 1.04761904761905
73.1 0.0634920634920635 0.0476190476190476 1
73.5 0.0634920634920635 0.0634920634920635 1.01587301587302
73.8 0.0317460317460317 0.142857142857143 1.03174603174603
73.83 0.0634920634920635 -0.0634920634920635 1.01587301587302
73.86 0.0476190476190476 0.111111111111111 1.01587301587302
73.9 0.0793650793650794 0.0158730158730159 1.01587301587302
74 0.0634920634920635 0.0793650793650794 1.04761904761905
74.4 0.0634920634920635 0.0476190476190476 0.984126984126984
74.46 0.0634920634920635 0.0634920634920635 1.06349206349206
74.53 0.0476190476190476 0.0634920634920635 1
74.6 0.0634920634920635 0.0476190476190476 1.06349206349206
74.9 0.0634920634920635 0.0476190476190476 1
75.3 0.0476190476190476 0.0317460317460317 1
75.7 0.0634920634920635 0.0634920634920635 1.03174603174603
76.1 0.0793650793650794 0.0476190476190476 0.984126984126984
76.3 0.0634920634920635 0.0793650793650794 1.06349206349206
76.36 0.0634920634920635 0.0158730158730159 1
76.4 0.0634920634920635 0.0793650793650794 1.01587301587302
76.8 0.0634920634920635 0.0793650793650794 1.03174603174603
77.2 0.0476190476190476 0.0634920634920635 1.06349206349206
77.26 0.0634920634920635 0.0476190476190476 1
77.33 0.0634920634920635 0.0952380952380952 1.06349206349206
77.4 0.0634920634920635 0.0476190476190476 1
77.56 0.0476190476190476 0.0793650793650794 1.06349206349206
77.6 0.0634920634920635 0.0317460317460317 1
77.66 0.0793650793650794 0.0952380952380952 1.04761904761905
78.06 0.0634920634920635 0.0476190476190476 0.984126984126984
78.23 0.0793650793650794 0.0634920634920635 1.06349206349206
78.4 0.0634920634920635 0.0317460317460317 0.968253968253968
78.43 0.0634920634920635 0.0476190476190476 1.03174603174603
78.83 0.0634920634920635 0.0634920634920635 0.984126984126984
78.9 0.0634920634920635 0.0793650793650794 1.06349206349206
78.96 0.0793650793650794 0.0476190476190476 0.984126984126984
79.03 0.0634920634920635 0.0476190476190476 1.04761904761905
79.16 0.0634920634920635 0.0634920634920635 0.984126984126984
79.2 0.0476190476190476 0.0793650793650794 1.04761904761905
79.26 0.0476190476190476 0.0476190476190476 0.984126984126984
79.33 0.0476190476190476 0.142857142857143 1.04761904761905
79.36 0.0634920634920635 0.0476190476190476 1.03174603174603
79.4 0.0634920634920635 0.111111111111111 1.03174603174603
79.43 0.0634920634920635 0.0476190476190476 1.01587301587302
79.83 0.0476190476190476 0.0476190476190476 1.03174603174603
80.23 0.0476190476190476 0.0793650793650794 1
80.63 0.0634920634920635 0.0476190476190476 1.03174603174603
81.03 0.0634920634920635 0.0634920634920635 1.03174603174603
81.43 0.0476190476190476 0.0634920634920635 1.01587301587302
81.83 0.0634920634920635 0.0793650793650794 1.01587301587302
82.23 0.0634920634920635 0.0634920634920635 1
82.3 0.0952380952380952 -0.158730158730159 0.952380952380952
82.33 0.0476190476190476 0.174603174603175 1.03174603174603
82.36 0.0476190476190476 0.222222222222222 1.0952380952381
82.43 0.0476190476190476 0.158730158730159 1.06349206349206
82.46 0.0476190476190476 0.0158730158730159 0.968253968253968
82.5 0.0634920634920635 -0.0793650793650794 0.936507936507937
82.56 0.0793650793650794 0.0476190476190476 1.01587301587302
82.6 0.0634920634920635 -0.0476190476190476 0.952380952380952
82.66 0.0634920634920635 0.0158730158730159 0.984126984126984
82.7 0.0634920634920635 0.158730158730159 1.0952380952381
82.8 0.0793650793650794 0.0158730158730159 0.952380952380952
82.83 0.0634920634920635 -0.0634920634920635 0.920634920634921
82.9 0.0634920634920635 0.0476190476190476 1.03174603174603
82.93 0.0317460317460317 0.174603174603175 1.0952380952381
83 0.0634920634920635 0.111111111111111 1.04761904761905
83.03 0.0634920634920635 -0.0158730158730159 0.968253968253968
83.13 0.0793650793650794 -0.0634920634920635 0.904761904761905
83.2 0.0634920634920635 0 0.984126984126984
83.23 0.0317460317460317 0.142857142857143 1.07936507936508
83.26 0.0476190476190476 0.222222222222222 1.14285714285714
83.3 0.0476190476190476 0.174603174603175 1.07936507936508
83.33 0.0476190476190476 0.0317460317460317 1
83.36 0.0634920634920635 -0.0793650793650794 0.952380952380952
83.4 0.0634920634920635 -0.0158730158730159 0.968253968253968
83.43 0.0634920634920635 0.126984126984127 1.04761904761905
83.46 0.0158730158730159 0.222222222222222 1.12698412698413
83.5 0.0476190476190476 0.158730158730159 1.11111111111111
83.53 0.0476190476190476 0.0317460317460317 0.968253968253968
83.56 0.0634920634920635 -0.0793650793650794 0.904761904761905
83.63 0.0476190476190476 0.0634920634920635 1
83.66 0.0634920634920635 -0.0634920634920635 0.936507936507937
83.73 0.0634920634920635 0.0793650793650794 1.04761904761905
83.76 0.0476190476190476 0.19047619047619 1.12698412698413
83.83 0.0634920634920635 0.0476190476190476 1
83.86 0.0793650793650794 -0.0634920634920635 0.968253968253968
83.93 0.0476190476190476 0.0793650793650794 1.03174603174603
83.96 0.0317460317460317 0.206349206349206 1.11111111111111
84.03 0.0476190476190476 0.0793650793650794 1
84.06 0.0634920634920635 -0.0634920634920635 0.936507936507937
84.13 0.0634920634920635 0.0634920634920635 1.01587301587302
84.16 0.0317460317460317 0.174603174603175 1.0952380952381
84.2 0.0317460317460317 -0.0476190476190476 0.920634920634921
84.23 0.0476190476190476 0.0793650793650794 1.03174603174603
84.26 0.0476190476190476 0.19047619047619 1.11111111111111
84.33 0.0634920634920635 0.0476190476190476 1
84.36 0.0634920634920635 -0.0793650793650794 0.936507936507937
84.43 0.0476190476190476 0.111111111111111 1.07936507936508
84.46 0.0476190476190476 0.206349206349206 1.12698412698413
84.53 0.0634920634920635 0.0158730158730159 0.984126984126984
84.56 0.0634920634920635 -0.0634920634920635 0.904761904761905
84.63 0.0476190476190476 0.126984126984127 1.06349206349206
84.66 0.0476190476190476 0.222222222222222 1.11111111111111
84.7 0.0317460317460317 0.158730158730159 1.07936507936508
84.76 0.0476190476190476 0.238095238095238 1.15873015873016
84.8 0.0476190476190476 0.158730158730159 1.0952380952381
84.83 0.0634920634920635 0.0158730158730159 1
84.86 0.0634920634920635 -0.0634920634920635 0.936507936507937
84.9 0.0634920634920635 0 0.952380952380952
84.93 0.0476190476190476 0.126984126984127 1.06349206349206
84.96 0.0158730158730159 0.222222222222222 1.11111111111111
85 0.0476190476190476 0.142857142857143 1.06349206349206
85.03 0.0634920634920635 -0.0158730158730159 0.952380952380952
85.13 0.0317460317460317 0.158730158730159 1.0952380952381
85.16 0.0317460317460317 0.222222222222222 1.11111111111111
85.2 0.0476190476190476 0.142857142857143 1.06349206349206
85.23 0.0634920634920635 -0.0317460317460317 0.952380952380952
85.26 0.0793650793650794 -0.0793650793650794 1.11111111111111
85.3 0.0476190476190476 0.0634920634920635 1
85.33 0.0476190476190476 -0.0793650793650794 0.952380952380952
85.4 0.0476190476190476 0.0793650793650794 0.984126984126984
85.43 0.0317460317460317 0.19047619047619 1.07936507936508
85.5 0.0634920634920635 0.111111111111111 1.04761904761905
85.53 0.0476190476190476 -0.0476190476190476 0.952380952380952
85.6 0.0634920634920635 0.0634920634920635 1.01587301587302
85.63 0.0476190476190476 0.19047619047619 1.11111111111111
85.7 0.0476190476190476 0.0476190476190476 1.01587301587302
85.73 0.0793650793650794 -0.0476190476190476 0.920634920634921
85.8 0.0476190476190476 0.111111111111111 1.04761904761905
85.83 0.0476190476190476 -0.0476190476190476 0.968253968253968
85.86 0.0634920634920635 0.0158730158730159 1
85.9 0.0317460317460317 0.174603174603175 1.0952380952381
85.96 0.0476190476190476 0.111111111111111 1.04761904761905
86 0.0476190476190476 -0.0158730158730159 0.936507936507937
86.03 0.0634920634920635 -0.0952380952380952 0.920634920634921
86.06 0.0634920634920635 0.0158730158730159 0.952380952380952
86.1 0.0476190476190476 0.158730158730159 1.07936507936508
86.13 0.0317460317460317 0.222222222222222 1.11111111111111
86.16 0.0476190476190476 0.158730158730159 1.03174603174603
86.2 0.0634920634920635 0.0317460317460317 0.984126984126984
86.23 0.0634920634920635 -0.0634920634920635 0.936507936507937
86.26 0.0634920634920635 0.0158730158730159 0.984126984126984
86.3 0.0476190476190476 0.158730158730159 1.0952380952381
86.33 0.0317460317460317 0.206349206349206 0.920634920634921
86.36 0.0634920634920635 0.0634920634920635 1
86.4 0.0476190476190476 0.206349206349206 1.11111111111111
86.46 0.0634920634920635 0.0952380952380952 1
86.5 0.0634920634920635 -0.0476190476190476 0.952380952380952
86.56 0.0476190476190476 0.126984126984127 1.07936507936508
86.6 0.0476190476190476 0.206349206349206 1.14285714285714
86.63 0.0476190476190476 0.142857142857143 1.0952380952381
86.66 0.0793650793650794 -0.0158730158730159 0.984126984126984
86.7 0.0793650793650794 -0.0793650793650794 0.920634920634921
86.73 0.0634920634920635 0.0158730158730159 0.952380952380952
86.76 0.0634920634920635 0.158730158730159 1.07936507936508
86.8 0.0476190476190476 0.222222222222222 1.0952380952381
86.83 0.0634920634920635 0.126984126984127 1.06349206349206
86.86 0.0634920634920635 0 0.968253968253968
86.9 0.0476190476190476 0.206349206349206 1.0952380952381
86.93 0.0634920634920635 0.0634920634920635 1.01587301587302
86.96 0.0793650793650794 -0.0476190476190476 0.952380952380952
87.03 0.0476190476190476 0.0634920634920635 1
87.06 0.0476190476190476 0.19047619047619 1.0952380952381
87.13 0.0317460317460317 0.0952380952380952 1.03174603174603
87.16 0.0634920634920635 -0.0158730158730159 0.952380952380952
87.23 0.0476190476190476 0.0952380952380952 1.04761904761905
87.26 0.0317460317460317 0.206349206349206 1.12698412698413
87.33 0.0634920634920635 0.0158730158730159 0.984126984126984
87.36 0.0793650793650794 -0.0793650793650794 0.904761904761905
87.4 0.0476190476190476 0 0.952380952380952
87.53 0.0634920634920635 0.19047619047619 1.11111111111111
87.6 0.0476190476190476 0.0476190476190476 1.01587301587302
87.63 0.0634920634920635 -0.0793650793650794 0.936507936507937
87.7 0.0476190476190476 0.0952380952380952 1.01587301587302
87.73 0.0476190476190476 0.206349206349206 1.11111111111111
87.8 0.0476190476190476 0.0634920634920635 1.01587301587302
88.2 0.0476190476190476 0.0634920634920635 1.03174603174603
88.6 0.0476190476190476 0.0634920634920635 1.03174603174603
89 0.0476190476190476 0.0634920634920635 1.01587301587302
89.4 0.0476190476190476 0.0793650793650794 1
89.8 0.0476190476190476 0.0793650793650794 1.01587301587302
90.2 0.0476190476190476 0.0634920634920635 1.01587301587302
90.6 0.0634920634920635 0.0634920634920635 1.01587301587302
90.76 0.111111111111111 0.206349206349206 1.01587301587302
90.8 0.0634920634920635 0.0476190476190476 1.03174603174603
90.83 -0.0317460317460317 0.0793650793650794 1.19047619047619
90.9 -0.0158730158730159 0 1.20634920634921
91.03 0.0476190476190476 0.0634920634920635 1.03174603174603
91.06 0.0317460317460317 0.126984126984127 0.904761904761905
91.1 0 0.0952380952380952 0.841269841269841
91.13 0 0.0317460317460317 0.825396825396825
91.16 0.0793650793650794 0.206349206349206 1.07936507936508
91.2 0.0634920634920635 0.222222222222222 0.888888888888889
91.23 -0.0317460317460317 0.0952380952380952 0.841269841269841
91.26 0 0.0158730158730159 1
91.3 0.0158730158730159 0.0793650793650794 1.23809523809524
91.33 0.0317460317460317 0.0952380952380952 0.968253968253968
91.36 -0.0158730158730159 0.0952380952380952 0.825396825396825
91.4 -0.0158730158730159 0.126984126984127 1.14285714285714
91.46 -0.0158730158730159 -0.0158730158730159 0.746031746031746
91.5 0.0158730158730159 0.0634920634920635 1.12698412698413
91.53 0.0476190476190476 0.222222222222222 1.11111111111111
91.56 0 0 0.746031746031746
91.6 0.0317460317460317 0.0158730158730159 1.22222222222222
91.63 0.0317460317460317 0.222222222222222 1
91.66 -0.0158730158730159 0.0634920634920635 0.825396825396825
91.73 0.0317460317460317 0.19047619047619 1.26984126984127
91.76 0.0158730158730159 0.0634920634920635 0.873015873015873
91.8 0 -0.0317460317460317 0.952380952380952
91.83 0.0476190476190476 0.222222222222222 1.17460317460317
91.93 0.0317460317460317 0.19047619047619 1.03174603174603
91.96 -0.0158730158730159 0.0793650793650794 0.825396825396825
92 0 0.0952380952380952 1.23809523809524
92.03 0 0.0476190476190476 0.873015873015873
92.16 0.0317460317460317 0.126984126984127 1.26984126984127
92.2 0.0476190476190476 0.0158730158730159 1.19047619047619
92.23 0.0317460317460317 0.142857142857143 1.06349206349206
92.26 0 0.111111111111111 0.761904761904762
92.3 0.0158730158730159 0.158730158730159 1.28571428571429
92.33 -0.0158730158730159 0.0317460317460317 0.904761904761905
92.36 0.0158730158730159 0.0793650793650794 1.01587301587302
92.4 0.0317460317460317 0.19047619047619 1.19047619047619
92.43 -0.0158730158730159 -0.0158730158730159 0.746031746031746
92.46 0.0158730158730159 0.0476190476190476 1.17460317460317
92.5 0.0317460317460317 0.238095238095238 1.01587301587302
92.53 -0.0158730158730159 -0.0158730158730159 0.793650793650794
92.56 0.0476190476190476 0.0634920634920635 1.28571428571429
92.6 0 0.174603174603175 0.968253968253968
92.63 -0.0158730158730159 0.0952380952380952 0.952380952380952
92.66 0.0317460317460317 0.126984126984127 1.20634920634921
92.7 -0.0158730158730159 0.0476190476190476 0.746031746031746
92.76 0 0.0158730158730159 1.07936507936508
92.8 0.0317460317460317 0.206349206349206 1.06349206349206
92.83 -0.0158730158730159 0.0634920634920635 0.746031746031746
92.86 0.0317460317460317 0.0317460317460317 1.28571428571429
92.9 0.0158730158730159 0.126984126984127 0.984126984126984
92.93 -0.0158730158730159 0.111111111111111 0.873015873015873
92.96 0 0.111111111111111 1.20634920634921
93 0 0 0.761904761904762
93.03 0.0158730158730159 0.126984126984127 1.20634920634921
93.06 0.0158730158730159 0.111111111111111 1.07936507936508
93.1 0 -0.0793650793650794 0.793650793650794
93.13 0.0476190476190476 0.174603174603175 1.26984126984127
93.16 0.0158730158730159 0.126984126984127 0.857142857142857
93.23 0.0317460317460317 0.126984126984127 1.06349206349206
93.26 0.0317460317460317 0.111111111111111 1.15873015873016
93.3 0 -0.0158730158730159 0.698412698412698
93.33 0.0158730158730159 0.142857142857143 1.31746031746032
93.36 0.0476190476190476 0.142857142857143 0.936507936507937
93.4 -0.0158730158730159 -0.0793650793650794 0.825396825396825
93.43 0.0476190476190476 0.19047619047619 1.20634920634921
93.46 0 0.111111111111111 0.841269841269841
93.5 0 0.0158730158730159 1.12698412698413
93.53 0.0317460317460317 0.126984126984127 1.0952380952381
93.56 -0.0158730158730159 0.111111111111111 0.73015873015873
93.6 0.0158730158730159 0.126984126984127 1.3015873015873
93.63 0 0.0317460317460317 0.936507936507937
93.66 0 0.111111111111111 0.888888888888889
93.7 0.0317460317460317 0.158730158730159 1.15873015873016
93.73 -0.0158730158730159 0.222222222222222 1.14285714285714
93.76 -0.0158730158730159 0.0793650793650794 0.698412698412698
93.8 0 0.0476190476190476 1.28571428571429
93.83 0 0.126984126984127 0.920634920634921
93.86 -0.0158730158730159 0.111111111111111 1.06349206349206
93.9 0.0158730158730159 0.0793650793650794 1.14285714285714
93.93 -0.0158730158730159 0 0.698412698412698
93.96 0.0476190476190476 0.206349206349206 1.3015873015873
94 0.0317460317460317 0.0476190476190476 0.873015873015873
94.03 0 -0.0158730158730159 1
94.06 0.0476190476190476 0.238095238095238 1.14285714285714
94.1 -0.0158730158730159 0.0158730158730159 0.73015873015873
94.13 0.0476190476190476 0.111111111111111 1.25396825396825
94.16 -0.0158730158730159 0.174603174603175 0.968253968253968
94.2 0 0.0952380952380952 0.984126984126984
94.23 0.0317460317460317 0.111111111111111 1.14285714285714
94.26 0.0317460317460317 0.206349206349206 1.17460317460317
94.3 0 -0.0476190476190476 0.714285714285714
94.33 0.0317460317460317 0.111111111111111 1.3015873015873
94.36 0.0317460317460317 0.174603174603175 0.936507936507937
94.4 0 -0.0158730158730159 0.936507936507937
94.43 0.0158730158730159 0.142857142857143 1.14285714285714
94.46 -0.0158730158730159 0.126984126984127 0.73015873015873
94.5 0.0317460317460317 0.111111111111111 1.25396825396825
94.53 0.0158730158730159 0.0634920634920635 0.984126984126984
94.6 0.0317460317460317 0.174603174603175 1.22222222222222
94.63 0 -0.0476190476190476 0.714285714285714
94.66 0.0476190476190476 0.126984126984127 1.28571428571429
94.7 0.0476190476190476 0.19047619047619 0.968253968253968
94.73 -0.0158730158730159 -0.0476190476190476 0.873015873015873
94.76 0.0317460317460317 0.19047619047619 1.20634920634921
94.8 0.0158730158730159 0.126984126984127 1.20634920634921
94.83 -0.0158730158730159 0.0317460317460317 0.714285714285714
94.86 0.0158730158730159 0.142857142857143 1.3015873015873
94.9 0.0158730158730159 0.0634920634920635 0.984126984126984
94.93 -0.0317460317460317 -0.0476190476190476 0.857142857142857
94.96 0.0476190476190476 0.206349206349206 1.23809523809524
95 0 0.0476190476190476 0.746031746031746
95.03 0.0158730158730159 0.0158730158730159 1.23809523809524
95.06 0.0317460317460317 0.19047619047619 1.03174603174603
95.1 -0.0158730158730159 0.0793650793650794 0.841269841269841
95.13 0.0317460317460317 0.126984126984127 1.20634920634921
95.16 -0.0158730158730159 0.0634920634920635 0.761904761904762
95.2 0.0158730158730159 0.174603174603175 1.25396825396825
95.23 0.0158730158730159 0.0317460317460317 1.03174603174603
95.26 -0.0158730158730159 0.0158730158730159 0.841269841269841
95.33 0.0317460317460317 0.126984126984127 1.19047619047619
95.36 -0.0317460317460317 0.126984126984127 0.73015873015873
95.4 0.0317460317460317 0.0952380952380952 1.25396825396825
95.43 -0.0158730158730159 0.0793650793650794 1
95.5 0 0.142857142857143 1.20634920634921
95.53 -0.0158730158730159 -0.0476190476190476 0.698412698412698
95.56 0.0476190476190476 0.19047619047619 1.31746031746032
95.6 0.0158730158730159 0.111111111111111 0.904761904761905
95.63 0 -0.0317460317460317 0.952380952380952
95.66 0.0476190476190476 0.206349206349206 1.14285714285714
95.7 -0.0158730158730159 0.0793650793650794 0.698412698412698
95.73 0.0317460317460317 0.0476190476190476 1.25396825396825
95.76 0.0158730158730159 0.174603174603175 1.31746031746032
95.8 -0.0158730158730159 0.0317460317460317 0.888888888888889
95.83 0 0.0158730158730159 0.984126984126984
95.86 0.0476190476190476 0.222222222222222 1.20634920634921
95.9 -0.0158730158730159 -0.0158730158730159 0.714285714285714
95.93 0.0476190476190476 0.0634920634920635 1.26984126984127
95.96 0.0158730158730159 0.206349206349206 0.968253968253968
96 -0.0158730158730159 0.0158730158730159 1
96.03 0.0158730158730159 0.0952380952380952 1.14285714285714
96.06 -0.0158730158730159 0.126984126984127 0.746031746031746
96.1 0.0158730158730159 0.158730158730159 1.3015873015873
96.13 0.0158730158730159 0.0476190476190476 0.984126984126984
96.2 0.0158730158730159 0.19047619047619 1.19047619047619
96.23 0 -0.0476190476190476 0.714285714285714
96.26 0.0476190476190476 0.111111111111111 1.28571428571429
96.3 0.0317460317460317 0.206349206349206 0.968253968253968
96.33 0 0.0952380952380952 0.984126984126984
96.36 -0.0158730158730159 0.238095238095238 1.07936507936508
96.4 0 -0.0634920634920635 1.01587301587302
96.43 0 0.111111111111111 1.01587301587302
96.83 0.0158730158730159 0.111111111111111 1.03174603174603
97.23 0.0158730158730159 0.0952380952380952 1.01587301587302
97.63 0 0.0952380952380952 1.01587301587302
98.03 0.0158730158730159 0.0793650793650794 1.01587301587302
98.43 0.0158730158730159 0.0952380952380952 1.01587301587302
98.83 0 0.111111111111111 1.01587301587302
99.23 0.0317460317460317 0.0317460317460317 1.04761904761905
99.26 0.0634920634920635 -0.142857142857143 1.01587301587302
99.3 0 0.206349206349206 1.04761904761905
99.33 -0.0634920634920635 0.206349206349206 0.968253968253968
99.36 -0.0793650793650794 0.19047619047619 0.793650793650794
99.43 -0.0158730158730159 0.126984126984127 0.746031746031746
99.46 0 0.0476190476190476 0.714285714285714
99.5 -0.0158730158730159 0.222222222222222 1.19047619047619
99.53 -0.0317460317460317 0.174603174603175 1.03174603174603
99.56 -0.0476190476190476 0.19047619047619 0.904761904761905
99.6 -0.0476190476190476 0.222222222222222 0.841269841269841
99.63 -0.0476190476190476 0.253968253968254 0.777777777777778
99.73 -0.0476190476190476 0.158730158730159 0.666666666666667
99.8 0 0.0793650793650794 0.714285714285714
99.86 0.0158730158730159 0.0317460317460317 0.904761904761905
99.9 0.0158730158730159 0 0.968253968253968
99.93 0.0158730158730159 0.0317460317460317 1.04761904761905
99.96 0.0317460317460317 0 1.14285714285714
100.03 0.0317460317460317 -0.0317460317460317 0.793650793650794
100.06 -0.0476190476190476 0.253968253968254 0.682539682539683
100.13 -0.0158730158730159 0.19047619047619 0.634920634920635
100.2 -0.0317460317460317 0.126984126984127 0.682539682539683
100.3 0.0158730158730159 0.0476190476190476 0.793650793650794
100.33 0.0317460317460317 -0.0158730158730159 0.888888888888889
100.36 0.0476190476190476 -0.0317460317460317 0.984126984126984
100.4 0.0476190476190476 -0.0793650793650794 1.06349206349206
100.46 0.0158730158730159 -0.0317460317460317 1.17460317460317
100.5 0.0158730158730159 0.0158730158730159 1.23809523809524
100.53 -0.0317460317460317 0.26984126984127 0.746031746031746
100.63 -0.0634920634920635 0.26984126984127 0.682539682539683
100.73 -0.0158730158730159 0.19047619047619 0.603174603174603
101 -0.0158730158730159 0.0793650793650794 0.682539682539683
101.06 0.0158730158730159 0 0.80952380952381
101.1 -0.0158730158730159 0.222222222222222 1.17460317460317
101.13 -0.0476190476190476 0.174603174603175 1.0952380952381
101.16 -0.0476190476190476 0.174603174603175 1.01587301587302
101.23 -0.0634920634920635 0.238095238095238 0.952380952380952
101.3 -0.0634920634920635 0.285714285714286 0.888888888888889
101.33 -0.0476190476190476 0.285714285714286 0.793650793650794
101.4 -0.0317460317460317 0.253968253968254 0.698412698412698
101.5 -0.0476190476190476 0.206349206349206 0.619047619047619
101.56 -0.0317460317460317 0.26984126984127 0.650793650793651
101.63 0.0317460317460317 0.0158730158730159 1.36507936507937
101.83 0 -0.0476190476190476 1.28571428571429
101.96 0.0158730158730159 -0.0634920634920635 1.22222222222222
102.06 0 0 1.25396825396825
102.16 0 -0.0158730158730159 0.904761904761905
102.2 -0.0634920634920635 0.285714285714286 0.920634920634921
102.26 -0.0634920634920635 0.285714285714286 0.984126984126984
102.3 -0.0476190476190476 0.253968253968254 1.04761904761905
102.33 -0.0476190476190476 0.238095238095238 1.17460317460317
102.36 -0.0317460317460317 0.174603174603175 1.25396825396825
102.4 -0.0317460317460317 0.142857142857143 1.31746031746032
102.46 -0.0158730158730159 0.111111111111111 1.41269841269841
102.53 -0.0158730158730159 0.0158730158730159 1.52380952380952
102.63 0 -0.0158730158730159 1.44444444444444
102.66 -0.0158730158730159 0.222222222222222 0.634920634920635
102.7 -0.0317460317460317 0.222222222222222 0.80952380952381
102.73 -0.0158730158730159 0.206349206349206 1.04761904761905
102.76 -0.0158730158730159 0.158730158730159 1.36507936507937
102.8 0 0.0634920634920635 1.55555555555556
102.83 -0.0158730158730159 -0.0476190476190476 1.6031746031746
102.86 -0.0158730158730159 -0.0793650793650794 1.49206349206349
102.9 0 -0.0952380952380952 1.3015873015873
102.93 0.0158730158730159 0.0158730158730159 0.904761904761905
102.96 0 0.0952380952380952 0.492063492063492
103 0 0.206349206349206 0.380952380952381
103.03 -0.0158730158730159 0.222222222222222 0.587301587301587
103.06 -0.0158730158730159 0.19047619047619 1.12698412698413
103.1 -0.0158730158730159 0.0476190476190476 1.55555555555556
103.16 0.0158730158730159 0.126984126984127 0.841269841269841
103.2 -0.0317460317460317 -0.0952380952380952 1.55555555555556
103.23 0 0.0317460317460317 0.936507936507937
103.26 0 0.19047619047619 0.428571428571429
103.3 0 0.222222222222222 0.904761904761905
103.33 -0.0158730158730159 0.0317460317460317 1.52380952380952
103.36 0 0.0317460317460317 1.38095238095238
103.4 -0.0158730158730159 0.174603174603175 0.619047619047619
103.43 0 0.26984126984127 0.46031746031746
103.46 -0.0158730158730159 0.174603174603175 1.11111111111111
103.5 -0.0317460317460317 -0.0317460317460317 1.58730158730159
103.53 -0.0158730158730159 -0.0476190476190476 1.33333333333333
103.56 0 0.142857142857143 0.571428571428571
103.6 0 0.253968253968254 0.476190476190476
103.63 -0.0317460317460317 0.174603174603175 1.11111111111111
103.66 -0.0158730158730159 0.0317460317460317 1.55555555555556
103.7 -0.0158730158730159 0.174603174603175 0.968253968253968
103.73 -0.0158730158730159 0.0317460317460317 1.55555555555556
103.76 0 -0.0317460317460317 1.41269841269841
103.83 0 0.301587301587302 0.492063492063492
103.86 -0.0317460317460317 0.222222222222222 1.17460317460317
103.9 -0.0317460317460317 -0.0158730158730159 1.58730158730159
103.93 -0.0317460317460317 0.0158730158730159 1.14285714285714
103.96 0 0.19047619047619 0.444444444444444
104 0 0.206349206349206 0.634920634920635
104.03 0 0.0952380952380952 1.44444444444444
104.06 -0.0158730158730159 0 1.49206349206349
104.1 -0.0158730158730159 0.111111111111111 0.761904761904762
104.13 -0.0158730158730159 0.317460317460317 0.46031746031746
104.16 -0.0317460317460317 0.222222222222222 1.01587301587302
104.2 -0.0476190476190476 0.0158730158730159 1.58730158730159
104.23 -0.0317460317460317 -0.0952380952380952 1.38095238095238
104.26 -0.0158730158730159 0.0634920634920635 1.49206349206349
104.33 0 0.126984126984127 0.793650793650794
104.36 0 0.26984126984127 0.412698412698413
104.4 -0.0317460317460317 0.253968253968254 0.793650793650794
104.43 -0.0158730158730159 0.0476190476190476 1.44444444444444
104.46 -0.0317460317460317 -0.0793650793650794 1.57142857142857
104.5 0 0.0158730158730159 1.04761904761905
104.53 0 0.158730158730159 0.444444444444444
104.56 0 0.238095238095238 0.523809523809524
104.6 -0.0158730158730159 0.142857142857143 1.17460317460317
104.63 -0.0317460317460317 0.0317460317460317 1.58730158730159
104.66 0 0.0476190476190476 1.36507936507937
104.7 0 0.174603174603175 0.634920634920635
104.73 -0.0476190476190476 -0.0793650793650794 1.55555555555556
104.76 -0.0317460317460317 0.222222222222222 0.904761904761905
104.8 0.0158730158730159 0.19047619047619 0.444444444444444
104.83 0 0.238095238095238 0.587301587301587
104.86 -0.0158730158730159 0.126984126984127 1.34920634920635
104.9 -0.111111111111111 0.174603174603175 1.14285714285714
104.93 -0.0317460317460317 0.126984126984127 0.984126984126984
105.33 -0.0317460317460317 0.126984126984127 1
105.73 0 0.111111111111111 1
106.13 -0.0158730158730159 0.111111111111111 1
106.53 0 0.111111111111111 0.984126984126984
106.93 0 0.142857142857143 1.01587301587302
107.33 -0.0158730158730159 0.126984126984127 1
107.73 -0.0158730158730159 0.19047619047619 0.793650793650794
107.76 0.174603174603175 0.634920634920635 0.571428571428571
107.8 -0.412698412698413 0.206349206349206 2.01587301587302
107.83 -0.333333333333333 0.380952380952381 2.01587301587302
107.86 -0.0793650793650794 0.492063492063492 1.66666666666667
107.9 0.0476190476190476 0.492063492063492 1.47619047619048
107.93 0.126984126984127 0.492063492063492 1.38095238095238
107.96 0.174603174603175 0.587301587301587 1.28571428571429
108 -0.46031746031746 0.365079365079365 2
108.03 -0.46031746031746 0.301587301587302 1.96825396825397
108.1 -0.476190476190476 0.206349206349206 2.01587301587302
108.2 -0.444444444444444 0.142857142857143 2.01587301587302
108.26 -0.444444444444444 0.0317460317460317 1.96825396825397
108.3 -0.428571428571429 -0.0317460317460317 1.71428571428571
108.33 -0.380952380952381 -0.158730158730159 1.47619047619048
108.36 -0.301587301587302 -0.26984126984127 1.12698412698413
108.4 -0.174603174603175 -0.349206349206349 0.857142857142857
108.43 -0.0952380952380952 -0.396825396825397 0.746031746031746
108.46 0 -0.412698412698413 0.555555555555556
108.5 0.0634920634920635 -0.365079365079365 0.555555555555556
108.53 0.412698412698413 0.333333333333333 0.666666666666667
108.56 0.365079365079365 0.492063492063492 0.650793650793651
108.6 0.26984126984127 0.603174603174603 0.793650793650794
108.63 0.174603174603175 0.634920634920635 0.936507936507937
108.66 0 0.682539682539683 1.22222222222222
108.7 -0.174603174603175 0.587301587301587 1.49206349206349
108.73 -0.301587301587302 0.492063492063492 1.82539682539683
108.76 -0.380952380952381 0.396825396825397 2.01587301587302
108.8 -0.412698412698413 0.301587301587302 2.01587301587302
108.83 -0.444444444444444 0.206349206349206 2.01587301587302
108.86 -0.396825396825397 -0.0158730158730159 1.9047619047619
108.9 -0.174603174603175 -0.253968253968254 1.06349206349206
108.93 0.0952380952380952 -0.365079365079365 0.158730158730159
108.96 0.365079365079365 -0.222222222222222 -0.206349206349206
109 0.507936507936508 0.0793650793650794 0.0158730158730159
109.03 0.349206349206349 0.476190476190476 2
109.06 -0.476190476190476 0.19047619047619 2.01587301587302
109.1 -0.349206349206349 -0.0317460317460317 1.87301587301587
109.13 -0.126984126984127 -0.238095238095238 0.936507936507937
109.16 0.19047619047619 -0.349206349206349 0.19047619047619
109.2 0.428571428571429 -0.142857142857143 0.0634920634920635
109.23 0.46031746031746 0.26984126984127 0.380952380952381
109.26 0.253968253968254 0.603174603174603 0.761904761904762
109.3 -0.0793650793650794 0.666666666666667 1.31746031746032
109.33 -0.396825396825397 0.476190476190476 1.79365079365079
109.36 -0.492063492063492 0.19047619047619 1.96825396825397
109.4 -0.380952380952381 -0.111111111111111 1.71428571428571
109.43 -0.158730158730159 -0.253968253968254 1.03174603174603
109.46 0.0952380952380952 -0.26984126984127 0.555555555555556
109.5 0.317460317460317 -0.142857142857143 0.301587301587302
109.53 0.428571428571429 0.238095238095238 0.492063492063492
109.56 0.317460317460317 0.396825396825397 1.92063492063492
109.6 -0.492063492063492 0 1.66666666666667
109.63 -0.222222222222222 -0.301587301587302 1.04761904761905
109.66 0.0793650793650794 -0.349206349206349 0.444444444444444
109.7 0.301587301587302 -0.174603174603175 0.222222222222222
109.73 0.380952380952381 0.222222222222222 0.492063492063492
109.76 0.222222222222222 0.507936507936508 1.01587301587302
109.8 -0.0476190476190476 0.650793650793651 1.65079365079365
109.83 -0.412698412698413 0.53968253968254 2.01587301587302
109.86 -0.53968253968254 0.206349206349206 2.01587301587302
109.9 -0.349206349206349 -0.206349206349206 1.28571428571429
109.93 0.0476190476190476 -0.444444444444444 0.317460317460317
109.96 0.380952380952381 -0.222222222222222 -0.174603174603175
110 0.46031746031746 0.19047619047619 0.126984126984127
110.03 0.253968253968254 0.507936507936508 0.746031746031746
110.06 -0.476190476190476 0.174603174603175 2.01587301587302
110.1 -0.26984126984127 -0.174603174603175 1.20634920634921
110.13 0.0952380952380952 -0.396825396825397 0.238095238095238
110.16 0.428571428571429 -0.174603174603175 -0.158730158730159
110.2 0.46031746031746 0.301587301587302 0.253968253968254
110.23 0.174603174603175 0.619047619047619 0.841269841269841
110.26 -0.222222222222222 0.587301587301587 1.55555555555556
110.3 -0.492063492063492 0.333333333333333 2.01587301587302
110.33 -0.444444444444444 0.0317460317460317 1.93650793650794
110.36 -0.158730158730159 -0.222222222222222 1.19047619047619
110.4 0.142857142857143 -0.26984126984127 0.412698412698413
110.43 0.396825396825397 -0.0317460317460317 0.301587301587302
110.46 0.412698412698413 0.333333333333333 0.587301587301587
110.5 0.158730158730159 0.650793650793651 1.0952380952381
110.53 -0.26984126984127 0.666666666666667 1.76190476190476
110.56 -0.555555555555556 0.26984126984127 1.95238095238095
110.6 -0.380952380952381 -0.174603174603175 1.34920634920635
110.63 0.380952380952381 0.158730158730159 0.412698412698413
110.66 0.238095238095238 0.53968253968254 0.984126984126984
110.7 -0.111111111111111 0.666666666666667 1.71428571428571
110.73 -0.46031746031746 0.46031746031746 2.01587301587302
110.76 -0.523809523809524 0.0793650793650794 1.9047619047619
110.8 -0.174603174603175 -0.285714285714286 0.857142857142857
110.83 0.253968253968254 -0.349206349206349 -0.0634920634920635
110.86 0.476190476190476 0.0476190476190476 -0.0317460317460317
110.9 0.301587301587302 0.523809523809524 0.587301587301587
110.93 -0.0952380952380952 0.587301587301587 1.38095238095238
110.96 -0.412698412698413 0.428571428571429 2.01587301587302
111 -0.46031746031746 0.126984126984127 2.01587301587302
111.03 -0.238095238095238 -0.126984126984127 1.31746031746032
111.06 0.111111111111111 -0.285714285714286 0.396825396825397
111.1 0.396825396825397 -0.0793650793650794 0.206349206349206
111.13 0.412698412698413 0.523809523809524 1.82539682539683
111.16 -0.492063492063492 0.0634920634920635 1.79365079365079
111.2 -0.222222222222222 -0.253968253968254 1.06349206349206
111.23 0.111111111111111 -0.301587301587302 0.428571428571429
111.26 0.349206349206349 -0.0793650793650794 0.26984126984127
111.3 0.349206349206349 0.380952380952381 0.714285714285714
111.33 0.0634920634920635 0.619047619047619 1.36507936507937
111.36 -0.349206349206349 0.587301587301587 2.01587301587302
111.4 -0.555555555555556 0.253968253968254 2.01587301587302
111.43 -0.301587301587302 -0.206349206349206 1.17460317460317
111.46 0.174603174603175 -0.380952380952381 0.0952380952380952
111.5 0.476190476190476 -0.0317460317460317 -0.111111111111111
111.53 0.349206349206349 0.476190476190476 0.492063492063492
111.56 -0.0634920634920635 0.619047619047619 1.31746031746032
111.6 -0.428571428571429 0.428571428571429 2.01587301587302
111.63 -0.428571428571429 0.0952380952380952 2.01587301587302
111.66 0.428571428571429 -0.0476190476190476 0.126984126984127
111.7 0.365079365079365 0.46031746031746 0.603174603174603
111.73 -0.0634920634920635 0.714285714285714 1.33333333333333
111.76 -0.476190476190476 0.444444444444444 1.88888888888889
111.8 -0.46031746031746 -0.0634920634920635 1.58730158730159
111.83 -0.0634920634920635 -0.365079365079365 0.698412698412698
111.86 0.285714285714286 -0.238095238095238 0.19047619047619
111.9 0.380952380952381 0.158730158730159 0.349206349206349
111.93 0.158730158730159 0.523809523809524 1.04761904761905
111.96 -0.222222222222222 0.619047619047619 1.92063492063492
112 -0.523809523809524 0.365079365079365 2.01587301587302
112.03 -0.380952380952381 -0.0793650793650794 1.52380952380952
112.06 0.0317460317460317 -0.349206349206349 0.317460317460317
112.1 0.444444444444444 -0.142857142857143 -0.0793650793650794
112.13 0.412698412698413 0.428571428571429 0.412698412698413
112.16 -0.0476190476190476 0.666666666666667 1.22222222222222
112.2 -0.222222222222222 -0.174603174603175 1.31746031746032
112.23 0.142857142857143 -0.317460317460317 0.333333333333333
112.26 0.412698412698413 0.0317460317460317 0.317460317460317
112.3 0.333333333333333 0.507936507936508 0.682539682539683
112.33 -0.126984126984127 0.682539682539683 1.53968253968254
112.36 -0.523809523809524 0.380952380952381 2.01587301587302
112.4 -0.412698412698413 -0.158730158730159 1.36507936507937
112.43 0.0476190476190476 -0.380952380952381 0.349206349206349
112.46 0.412698412698413 -0.0793650793650794 -0.0634920634920635
112.5 0.380952380952381 0.349206349206349 0.476190476190476
112.53 0 0.587301587301587 1.3015873015873
112.56 -0.380952380952381 0.46031746031746 2.01587301587302
112.6 -0.476190476190476 0.158730158730159 2.01587301587302
112.63 -0.206349206349206 -0.222222222222222 1.0952380952381
112.66 0.174603174603175 -0.365079365079365 0.126984126984127
