15 29 34 100
15 29 37 584

3.633 0.0476190476190476 -0.0476190476190476 1.06349206349206
3.666 0.0634920634920635 -0.0634920634920635 0.507936507936508
3.699 -0.0317460317460317 -0.444444444444444 1.28571428571429
3.733 0.0634920634920635 0.0634920634920635 1.23809523809524
3.766 0.0634920634920635 -0.174603174603175 0.619047619047619
3.799 -0.0317460317460317 -0.126984126984127 1.6031746031746
3.833 0.126984126984127 0.0317460317460317 0.650793650793651
3.866 -0.0476190476190476 -0.301587301587302 1.14285714285714
3.899 0.0793650793650794 -0.0317460317460317 1.33333333333333
3.933 0.0317460317460317 -0.238095238095238 0.698412698412698
3.966 -0.0476190476190476 -0.206349206349206 1.52380952380952
3.999 0.158730158730159 -0.0317460317460317 0.46031746031746
4.033 -0.0952380952380952 -0.380952380952381 1.26984126984127
4.066 0.0952380952380952 0.0317460317460317 1
4.099 0.126984126984127 0.0634920634920635 1.12698412698413
4.133 -0.0158730158730159 -0.0952380952380952 1.6031746031746
4.199 0.111111111111111 -0.0952380952380952 0.507936507936508
4.233 -0.0952380952380952 -0.301587301587302 1.41269841269841
4.266 0.126984126984127 -0.0158730158730159 0.825396825396825
4.299 -0.0317460317460317 -0.317460317460317 0.920634920634921
4.333 0 -0.0952380952380952 1.47619047619048
4.366 0.111111111111111 -0.126984126984127 0.444444444444444
4.399 -0.0793650793650794 -0.238095238095238 1.61904761904762
4.433 0.142857142857143 0.0634920634920635 0.587301587301587
4.466 -0.0317460317460317 -0.285714285714286 1.14285714285714
4.499 0.0793650793650794 0.0317460317460317 1.38095238095238
4.533 0.0317460317460317 -0.238095238095238 0.650793650793651
4.566 -0.0158730158730159 -0.142857142857143 1.61904761904762
4.599 -0.0476190476190476 -0.174603174603175 1.53968253968254
4.633 0.174603174603175 -0.0317460317460317 0.349206349206349
4.666 -0.0634920634920635 -0.301587301587302 1.38095238095238
4.699 0.0952380952380952 0.0634920634920635 0.920634920634921
4.733 -0.0158730158730159 -0.253968253968254 0.80952380952381
4.766 0.0317460317460317 -0.0317460317460317 1.61904761904762
4.799 0.0793650793650794 -0.126984126984127 0.492063492063492
4.833 -0.0317460317460317 -0.19047619047619 1.58730158730159
4.866 0.158730158730159 0 0.650793650793651
4.899 -0.0793650793650794 -0.333333333333333 1.15873015873016
4.933 0.0634920634920635 -0.0317460317460317 1.23809523809524
4.966 0.0317460317460317 -0.253968253968254 0.682539682539683
4.999 -0.0634920634920635 -0.206349206349206 1.6031746031746
5.033 0.142857142857143 -0.0317460317460317 0.349206349206349
5.066 -0.0793650793650794 -0.0634920634920635 0.492063492063492
5.099 -0.0634920634920635 -0.206349206349206 1.50793650793651
5.133 0.158730158730159 0.0158730158730159 0.825396825396825
5.166 -0.0634920634920635 -0.333333333333333 1.0952380952381
5.199 0.0317460317460317 -0.0793650793650794 1.41269841269841
5.233 0.0476190476190476 -0.238095238095238 0.587301587301587
5.266 -0.0634920634920635 -0.222222222222222 1.6031746031746
5.299 0.158730158730159 0.0158730158730159 0.365079365079365
5.333 -0.0793650793650794 -0.317460317460317 1.31746031746032
5.366 0.126984126984127 0.0634920634920635 1.03174603174603
5.399 0 -0.238095238095238 0.777777777777778
5.433 0.0158730158730159 -0.0476190476190476 1.65079365079365
5.466 0.0952380952380952 -0.158730158730159 0.523809523809524
5.499 -0.0476190476190476 -0.19047619047619 1.57142857142857
5.533 0.142857142857143 -0.0317460317460317 0.603174603174603
5.566 0.174603174603175 0.0158730158730159 0.396825396825397
5.599 -0.0793650793650794 -0.301587301587302 1.25396825396825
5.633 0.0793650793650794 0.0476190476190476 1.04761904761905
5.666 0.0158730158730159 -0.285714285714286 0.714285714285714
5.699 -0.0158730158730159 -0.0317460317460317 1.6984126984127
5.733 0.0952380952380952 -0.126984126984127 0.507936507936508
5.766 -0.0634920634920635 -0.174603174603175 1.58730158730159
5.799 0.142857142857143 -0.0158730158730159 0.698412698412698
5.833 -0.0634920634920635 -0.333333333333333 1.14285714285714
5.866 0.0793650793650794 -0.0317460317460317 1.25396825396825
5.899 0.0158730158730159 -0.301587301587302 0.698412698412698
5.933 -0.0317460317460317 -0.142857142857143 1.57142857142857
5.966 0.126984126984127 -0.0793650793650794 0.349206349206349
5.999 -0.0952380952380952 -0.253968253968254 1.52380952380952
6.033 0.126984126984127 0.0793650793650794 1.61904761904762
6.066 0.126984126984127 0.0158730158730159 0.666666666666667
6.099 -0.0634920634920635 -0.301587301587302 1.19047619047619
6.133 0.0634920634920635 -0.0476190476190476 1.20634920634921
6.166 0 -0.317460317460317 0.746031746031746
6.199 -0.0476190476190476 -0.142857142857143 1.57142857142857
6.233 0.126984126984127 -0.111111111111111 0.333333333333333
6.266 -0.0952380952380952 -0.253968253968254 1.50793650793651
6.299 0.142857142857143 0.0634920634920635 0.650793650793651
6.333 -0.0317460317460317 -0.285714285714286 1.04761904761905
6.366 0.0634920634920635 0.0317460317460317 1.42857142857143
6.399 0.0476190476190476 -0.206349206349206 0.587301587301587
6.433 -0.0158730158730159 -0.111111111111111 1.66666666666667
6.466 0.126984126984127 -0.111111111111111 0.492063492063492
6.499 -0.111111111111111 -0.253968253968254 1.46031746031746
6.533 0.142857142857143 -0.0317460317460317 0.777777777777778
6.566 0.142857142857143 0.0476190476190476 0.619047619047619
6.599 -0.0476190476190476 -0.317460317460317 1.03174603174603
6.633 0.0634920634920635 0.0158730158730159 1.3968253968254
6.666 0.0476190476190476 -0.238095238095238 0.603174603174603
6.699 0.0158730158730159 -0.0793650793650794 1.66666666666667
6.733 0.111111111111111 -0.126984126984127 0.492063492063492
6.766 -0.0952380952380952 -0.238095238095238 1.47619047619048
6.799 0.142857142857143 0 0.666666666666667
6.833 -0.0793650793650794 -0.365079365079365 1.06349206349206
6.866 0.0476190476190476 -0.0317460317460317 1.3015873015873
6.899 0.0476190476190476 -0.238095238095238 0.571428571428571
6.933 -0.0476190476190476 -0.126984126984127 1.63492063492063
6.966 0.142857142857143 -0.0634920634920635 0.333333333333333
6.999 -0.0793650793650794 -0.206349206349206 1.58730158730159
7.066 0.142857142857143 -0.0158730158730159 0.603174603174603
7.099 -0.0952380952380952 -0.349206349206349 1.14285714285714
7.133 0.0793650793650794 -0.0317460317460317 1.17460317460317
7.166 0.0317460317460317 -0.301587301587302 0.682539682539683
7.199 -0.0317460317460317 -0.111111111111111 1.61904761904762
7.233 0.111111111111111 -0.126984126984127 0.365079365079365
7.266 -0.0793650793650794 -0.19047619047619 1.65079365079365
7.299 0.142857142857143 0.0317460317460317 0.571428571428571
7.333 -0.0634920634920635 -0.26984126984127 1.19047619047619
7.366 0.0793650793650794 -0.0158730158730159 1.3015873015873
7.399 0.0158730158730159 -0.317460317460317 0.73015873015873
7.433 0.0158730158730159 -0.111111111111111 1.57142857142857
7.466 0.0952380952380952 -0.19047619047619 0.492063492063492
7.499 -0.0952380952380952 -0.285714285714286 1.53968253968254
7.533 -0.0793650793650794 -0.158730158730159 1.6984126984127
7.566 0.142857142857143 0.0158730158730159 0.46031746031746
7.599 -0.0634920634920635 -0.238095238095238 1.33333333333333
7.633 0.0952380952380952 0 1.06349206349206
7.666 -0.0317460317460317 -0.317460317460317 0.857142857142857
7.699 0.0317460317460317 -0.0793650793650794 1.52380952380952
7.733 0.0793650793650794 -0.253968253968254 0.587301587301587
7.766 -0.0793650793650794 -0.222222222222222 1.57142857142857
7.799 0.174603174603175 -0.0634920634920635 0.349206349206349
7.833 -0.0952380952380952 -0.301587301587302 1.41269841269841
7.866 0.111111111111111 0.0317460317460317 0.857142857142857
7.899 0 -0.285714285714286 0.841269841269841
7.933 0.0317460317460317 -0.0158730158730159 1.57142857142857
7.966 0.0634920634920635 -0.174603174603175 0.492063492063492
7.999 0.0476190476190476 -0.301587301587302 0.666666666666667
8.033 -0.0476190476190476 -0.174603174603175 1.55555555555556
8.066 0.126984126984127 -0.158730158730159 0.365079365079365
8.099 -0.111111111111111 -0.285714285714286 1.55555555555556
8.133 0.158730158730159 0.0317460317460317 0.555555555555556
8.166 -0.0634920634920635 -0.285714285714286 1.04761904761905
8.199 0.0793650793650794 0.0158730158730159 1.34920634920635
8.233 0.0317460317460317 -0.222222222222222 0.634920634920635
8.266 -0.0158730158730159 -0.0793650793650794 1.73015873015873
8.299 0.111111111111111 -0.111111111111111 0.476190476190476
8.333 -0.0476190476190476 -0.206349206349206 1.53968253968254
8.366 0.158730158730159 -0.0158730158730159 0.619047619047619
8.399 -0.0634920634920635 -0.317460317460317 1.19047619047619
8.432 0.0793650793650794 -0.0317460317460317 1.20634920634921
8.466 0.0158730158730159 -0.317460317460317 0.73015873015873
8.499 0 -0.238095238095238 0.777777777777778
8.532 0.0317460317460317 0 1.65079365079365
8.566 0.0634920634920635 -0.19047619047619 0.492063492063492
8.599 -0.0158730158730159 -0.142857142857143 1.66666666666667
8.632 0.158730158730159 -0.0793650793650794 0.476190476190476
8.666 0.0158730158730159 -0.222222222222222 1.07936507936508
8.699 0.0158730158730159 -0.0952380952380952 1.01587301587302
8.766 0.0158730158730159 -0.158730158730159 1.01587301587302
9.166 0.0158730158730159 -0.126984126984127 1.03174603174603
9.566 0.0158730158730159 -0.142857142857143 1.01587301587302
9.966 0.0158730158730159 -0.142857142857143 1.03174603174603
10.366 0.0158730158730159 -0.158730158730159 1.04761904761905
10.766 0.0158730158730159 -0.142857142857143 1.03174603174603
11.166 0.0158730158730159 -0.158730158730159 1.03174603174603
11.566 0.0158730158730159 -0.158730158730159 1.04761904761905
11.966 0.0158730158730159 -0.142857142857143 1.01587301587302
12.099 -0.0952380952380952 -0.142857142857143 1.01587301587302
12.132 0.412698412698413 -0.19047619047619 -0.111111111111111
12.166 -0.0476190476190476 -0.412698412698413 1.11111111111111
12.199 0.714285714285714 0.0476190476190476 -0.682539682539683
12.232 -0.19047619047619 0.19047619047619 2.01587301587302
12.266 -0.333333333333333 -0.476190476190476 1.42857142857143
12.299 0.476190476190476 0.158730158730159 -0.222222222222222
12.332 -0.634920634920635 -0.253968253968254 2.01587301587302
12.366 0.333333333333333 -0.444444444444444 0.0317460317460317
12.399 -0.317460317460317 0 1.87301587301587
12.432 -0.26984126984127 -0.634920634920635 1.31746031746032
12.466 0.238095238095238 0.126984126984127 0.555555555555556
12.499 -0.587301587301587 -0.396825396825397 2.01587301587302
12.532 -0.317460317460317 0.19047619047619 2.01587301587302
12.566 0.0476190476190476 -0.444444444444444 0.206349206349206
12.599 0.0793650793650794 0.238095238095238 1.0952380952381
12.632 -0.412698412698413 -0.619047619047619 1.55555555555556
12.666 0.317460317460317 -0.0158730158730159 0.46031746031746
12.699 -0.619047619047619 -0.428571428571429 2.01587301587302
12.732 0.317460317460317 -0.317460317460317 0.0952380952380952
12.766 -0.492063492063492 0.0158730158730159 2.01587301587302
12.799 0.158730158730159 -0.444444444444444 0.206349206349206
12.832 -0.111111111111111 0.333333333333333 1.55555555555556
12.866 -0.126984126984127 -0.492063492063492 0.904761904761905
12.899 0.253968253968254 0.317460317460317 0.523809523809524
12.932 -0.428571428571429 -0.396825396825397 1.58730158730159
12.966 0.380952380952381 0.126984126984127 0.0634920634920635
12.999 -0.619047619047619 -0.380952380952381 2
13.032 -0.396825396825397 0.0793650793650794 2.01587301587302
13.066 0.0158730158730159 -0.523809523809524 0.555555555555556
13.099 -0.0317460317460317 0.333333333333333 1.41269841269841
13.132 -0.174603174603175 -0.507936507936508 1.07936507936508
13.166 0.317460317460317 0.317460317460317 0.396825396825397
13.199 -0.444444444444444 -0.396825396825397 1.65079365079365
13.232 0.396825396825397 0.158730158730159 0
13.266 -0.603174603174603 -0.380952380952381 2.01587301587302
13.299 0.396825396825397 -0.111111111111111 0.0793650793650794
13.332 -0.650793650793651 -0.301587301587302 2.01587301587302
13.366 0.333333333333333 -0.349206349206349 0.206349206349206
13.399 -0.476190476190476 -0.0317460317460317 2.01587301587302
13.432 0.0952380952380952 -0.523809523809524 0.365079365079365
13.466 -0.158730158730159 0.26984126984127 1.71428571428571
13.499 -0.0793650793650794 -0.523809523809524 0.682539682539683
13.532 -0.523809523809524 -0.428571428571429 1.76190476190476
13.566 0.380952380952381 0 0.142857142857143
13.599 -0.650793650793651 -0.412698412698413 2.01587301587302
13.632 0.349206349206349 -0.19047619047619 0.206349206349206
13.666 -0.587301587301587 -0.19047619047619 2.01587301587302
13.699 0.285714285714286 -0.380952380952381 -0.0476190476190476
13.732 -0.444444444444444 0.111111111111111 2.01587301587302
13.766 0.222222222222222 -0.444444444444444 -0.142857142857143
13.799 -0.253968253968254 0.285714285714286 1.87301587301587
13.832 0.0476190476190476 -0.46031746031746 0.26984126984127
13.866 -0.0793650793650794 0.301587301587302 1.3968253968254
13.899 -0.111111111111111 -0.523809523809524 0.555555555555556
13.932 0.0634920634920635 0.206349206349206 1.17460317460317
13.966 -0.365079365079365 -0.650793650793651 1.36507936507937
13.999 0.126984126984127 -0.174603174603175 2.01587301587302
14.032 -0.476190476190476 -0.571428571428571 -0.619047619047619
14.066 -0.603174603174603 -0.0158730158730159 2.01587301587302
14.099 0.46031746031746 -0.238095238095238 -0.698412698412698
14.132 -0.523809523809524 0.0634920634920635 2.01587301587302
14.166 0.317460317460317 -0.317460317460317 -0.46031746031746
14.199 -0.412698412698413 0.111111111111111 2.01587301587302
14.232 0.111111111111111 -0.53968253968254 0.285714285714286
14.266 -0.349206349206349 0.0793650793650794 1.95238095238095
14.299 -0.0634920634920635 -0.603174603174603 0.920634920634921
14.332 -0.126984126984127 0.142857142857143 1.38095238095238
14.366 -0.317460317460317 -0.587301587301587 1.61904761904762
14.399 0.253968253968254 0.285714285714286 0.666666666666667
14.432 -0.428571428571429 -0.492063492063492 1.63492063492063
14.466 0.46031746031746 0.301587301587302 0
14.499 -0.587301587301587 -0.412698412698413 1.9047619047619
14.532 0.428571428571429 0.158730158730159 2.01587301587302
14.566 0.365079365079365 -0.333333333333333 0.0952380952380952
14.599 -0.571428571428571 -0.0952380952380952 2.01587301587302
14.632 0.222222222222222 -0.476190476190476 0.158730158730159
14.666 -0.412698412698413 0.142857142857143 2.01587301587302
14.699 0.174603174603175 -0.492063492063492 -0.126984126984127
14.732 -0.301587301587302 0.285714285714286 1.96825396825397
14.766 0.111111111111111 -0.476190476190476 0.0476190476190476
14.799 -0.206349206349206 0.238095238095238 1.61904761904762
14.832 0.0158730158730159 -0.476190476190476 0.238095238095238
14.866 -0.142857142857143 0.206349206349206 1.66666666666667
14.899 -0.174603174603175 -0.634920634920635 0.888888888888889
14.932 -0.0793650793650794 0.126984126984127 1.49206349206349
14.966 -0.301587301587302 -0.634920634920635 1.38095238095238
14.999 0.111111111111111 0.142857142857143 0.920634920634921
15.032 -0.46031746031746 -0.523809523809524 1.96825396825397
15.066 -0.682539682539683 -0.206349206349206 2.01587301587302
15.099 0.492063492063492 -0.0158730158730159 -0.555555555555556
15.132 -0.634920634920635 -0.206349206349206 2.01587301587302
15.166 0.349206349206349 -0.238095238095238 -0.0476190476190476
15.199 -0.634920634920635 -0.253968253968254 2.01587301587302
15.232 0.333333333333333 -0.317460317460317 0.0634920634920635
15.266 -0.555555555555556 -0.0634920634920635 2.01587301587302
15.299 0.26984126984127 -0.380952380952381 -0.0793650793650794
15.332 -0.476190476190476 0.111111111111111 2.01587301587302
15.366 0.301587301587302 -0.396825396825397 -0.365079365079365
15.399 -0.444444444444444 0.19047619047619 2.01587301587302
15.432 0.253968253968254 -0.380952380952381 -0.301587301587302
15.466 -0.396825396825397 0.174603174603175 2.01587301587302
15.499 0.19047619047619 -0.428571428571429 -0.158730158730159
15.532 -0.333333333333333 0.126984126984127 2.01587301587302
15.566 0.174603174603175 0.19047619047619 0.73015873015873
15.599 -0.444444444444444 -0.507936507936508 1.95238095238095
15.632 0.380952380952381 0.26984126984127 0.26984126984127
15.666 -0.523809523809524 -0.444444444444444 1.76190476190476
15.699 0.444444444444444 0.26984126984127 -0.0476190476190476
15.732 -0.587301587301587 -0.412698412698413 1.88888888888889
15.766 0.301587301587302 0.158730158730159 0.222222222222222
15.799 -0.53968253968254 -0.444444444444444 1.76190476190476
15.832 0.333333333333333 0.0476190476190476 0.396825396825397
15.866 -0.587301587301587 -0.571428571428571 2.01587301587302
15.899 0.317460317460317 -0.0158730158730159 0.507936507936508
15.932 -0.587301587301587 -0.412698412698413 2.01587301587302
15.966 0.412698412698413 0 -0.19047619047619
15.999 -0.634920634920635 -0.26984126984127 2.01587301587302
16.032 0.53968253968254 0.0476190476190476 -0.619047619047619
16.066 -0.714285714285714 -0.317460317460317 -0.253968253968254
16.099 -0.53968253968254 -0.0793650793650794 2.01587301587302
16.132 0.26984126984127 -0.396825396825397 0.0476190476190476
16.166 -0.555555555555556 -0.0793650793650794 2.01587301587302
16.199 0.19047619047619 -0.46031746031746 0.238095238095238
16.232 -0.444444444444444 0.0793650793650794 2.01587301587302
16.266 0.222222222222222 -0.412698412698413 -0.222222222222222
16.299 -0.380952380952381 0.206349206349206 2.01587301587302
16.332 0.19047619047619 -0.444444444444444 -0.301587301587302
16.366 -0.380952380952381 0.19047619047619 2.01587301587302
16.399 0.253968253968254 -0.333333333333333 -0.380952380952381
16.432 -0.412698412698413 0.126984126984127 2.01587301587302
16.466 0.142857142857143 -0.444444444444444 0.111111111111111
16.499 -0.428571428571429 0.0476190476190476 2.01587301587302
16.532 0.142857142857143 -0.523809523809524 0.301587301587302
16.566 -0.26984126984127 -0.523809523809524 1.25396825396825
16.599 0.253968253968254 0.396825396825397 0.793650793650794
16.632 -0.333333333333333 -0.523809523809524 1.0952380952381
16.666 0.142857142857143 0.301587301587302 0.904761904761905
16.699 -0.253968253968254 -0.507936507936508 0.857142857142857
16.732 0.0317460317460317 0.206349206349206 1.17460317460317
16.765 -0.26984126984127 -0.634920634920635 1.12698412698413
16.799 -0.0476190476190476 0.158730158730159 1.34920634920635
16.832 -0.26984126984127 -0.634920634920635 1.28571428571429
16.865 0.0317460317460317 0.174603174603175 1.03174603174603
16.899 -0.349206349206349 -0.571428571428571 1.65079365079365
16.932 0.238095238095238 0.301587301587302 0.73015873015873
16.965 -0.317460317460317 -0.523809523809524 1.25396825396825
16.999 0.253968253968254 0.365079365079365 0.80952380952381
17.032 -0.333333333333333 -0.507936507936508 1.14285714285714
17.065 0.0793650793650794 0.26984126984127 0.984126984126984
17.099 0.253968253968254 0.0158730158730159 0.555555555555556
17.132 -0.587301587301587 -0.46031746031746 2.01587301587302
17.165 0.349206349206349 0.0793650793650794 0.0158730158730159
17.199 -0.0952380952380952 -0.396825396825397 0.920634920634921
17.232 -0.0793650793650794 -0.0476190476190476 0.666666666666667
17.265 -0.126984126984127 -0.142857142857143 1.03174603174603
17.665 -0.126984126984127 -0.158730158730159 1
18.065 -0.0952380952380952 -0.174603174603175 1
18.465 -0.126984126984127 -0.126984126984127 1
18.865 -0.126984126984127 -0.142857142857143 1.01587301587302
19.265 -0.111111111111111 -0.158730158730159 0.984126984126984
19.665 -0.111111111111111 -0.142857142857143 1.03174603174603
20.065 -0.126984126984127 -0.158730158730159 1
20.465 -0.126984126984127 -0.158730158730159 1
20.865 -0.126984126984127 -0.158730158730159 1.01587301587302
21.265 -0.111111111111111 -0.142857142857143 0.968253968253968
21.665 -0.126984126984127 -0.174603174603175 1
22.065 -0.126984126984127 -0.158730158730159 0.984126984126984
22.465 -0.126984126984127 -0.174603174603175 1.01587301587302
22.665 -0.126984126984127 -0.158730158730159 0.952380952380952
22.699 -0.126984126984127 -0.174603174603175 1.04761904761905
22.732 -0.111111111111111 -0.158730158730159 0.984126984126984
23.132 -0.126984126984127 -0.158730158730159 1.01587301587302
23.532 -0.111111111111111 -0.142857142857143 1.01587301587302
23.932 -0.126984126984127 -0.174603174603175 1
24.332 -0.111111111111111 -0.158730158730159 1
24.732 -0.0952380952380952 -0.142857142857143 1.01587301587302
25.132 -0.111111111111111 -0.174603174603175 1.03174603174603
25.165 -0.126984126984127 -0.126984126984127 0.968253968253968
25.398 -0.111111111111111 -0.174603174603175 1.04761904761905
25.498 -0.126984126984127 -0.174603174603175 0.984126984126984
25.865 -0.126984126984127 -0.158730158730159 1.04761904761905
25.965 -0.111111111111111 -0.158730158730159 0.984126984126984
26.365 -0.126984126984127 -0.158730158730159 1
26.765 -0.142857142857143 -0.158730158730159 1.01587301587302
27.165 -0.126984126984127 -0.158730158730159 1.03174603174603
27.565 -0.126984126984127 -0.158730158730159 1.01587301587302
27.965 -0.126984126984127 -0.158730158730159 1
28.365 -0.111111111111111 -0.174603174603175 1
28.765 -0.142857142857143 -0.158730158730159 1
29.165 -0.126984126984127 -0.158730158730159 1.04761904761905
29.198 -0.158730158730159 -0.174603174603175 0.968253968253968
29.332 -0.0952380952380952 -0.126984126984127 1.06349206349206
29.365 -0.142857142857143 -0.19047619047619 0.936507936507937
29.398 -0.0952380952380952 -0.126984126984127 1.07936507936508
29.432 -0.126984126984127 -0.174603174603175 0.968253968253968
29.598 -0.111111111111111 -0.158730158730159 1.07936507936508
29.632 -0.142857142857143 -0.174603174603175 0.984126984126984
29.665 -0.0952380952380952 -0.142857142857143 1.04761904761905
29.865 -0.158730158730159 -0.19047619047619 0.968253968253968
29.898 -0.126984126984127 -0.142857142857143 1.03174603174603
30.132 -0.158730158730159 -0.174603174603175 0.968253968253968
30.165 -0.0952380952380952 -0.142857142857143 1.06349206349206
30.198 -0.158730158730159 -0.174603174603175 0.984126984126984
30.232 -0.0952380952380952 -0.142857142857143 1.06349206349206
30.265 -0.126984126984127 -0.174603174603175 0.968253968253968
30.398 -0.0952380952380952 -0.126984126984127 1.07936507936508
30.432 -0.174603174603175 -0.19047619047619 0.952380952380952
30.465 -0.0952380952380952 -0.126984126984127 1.06349206349206
30.598 -0.111111111111111 -0.174603174603175 0.984126984126984
30.732 -0.0793650793650794 -0.158730158730159 1.04761904761905
30.765 -0.142857142857143 -0.19047619047619 0.952380952380952
30.798 -0.0952380952380952 -0.142857142857143 1.06349206349206
30.832 -0.142857142857143 -0.19047619047619 0.968253968253968
30.865 -0.111111111111111 -0.142857142857143 1.04761904761905
30.898 -0.126984126984127 -0.158730158730159 0.984126984126984
31.065 -0.0793650793650794 -0.158730158730159 1.06349206349206
31.098 -0.142857142857143 -0.19047619047619 0.952380952380952
31.132 -0.0952380952380952 -0.142857142857143 1.04761904761905
31.165 -0.142857142857143 -0.174603174603175 0.968253968253968
31.198 -0.0952380952380952 -0.126984126984127 1.03174603174603
31.332 -0.158730158730159 -0.158730158730159 0.952380952380952
31.365 -0.111111111111111 -0.158730158730159 1.04761904761905
31.465 -0.142857142857143 -0.174603174603175 0.984126984126984
31.532 -0.126984126984127 -0.126984126984127 1.06349206349206
31.632 -0.111111111111111 -0.174603174603175 1
32.032 -0.142857142857143 -0.19047619047619 0.952380952380952
32.098 -0.0793650793650794 -0.142857142857143 1.04761904761905
32.132 -0.142857142857143 -0.174603174603175 0.984126984126984
32.165 -0.0952380952380952 -0.142857142857143 1.07936507936508
32.198 -0.126984126984127 -0.206349206349206 0.984126984126984
32.232 -0.111111111111111 -0.142857142857143 1.06349206349206
32.265 -0.142857142857143 -0.19047619047619 0.968253968253968
32.398 -0.111111111111111 -0.158730158730159 1.03174603174603
32.698 -0.126984126984127 -0.174603174603175 0.968253968253968
32.798 -0.0952380952380952 -0.158730158730159 1.04761904761905
32.832 -0.142857142857143 -0.19047619047619 0.968253968253968
32.865 -0.0952380952380952 -0.142857142857143 1.04761904761905
32.898 -0.142857142857143 -0.19047619047619 0.984126984126984
32.932 -0.0952380952380952 -0.126984126984127 1.03174603174603
33.165 -0.142857142857143 -0.19047619047619 0.952380952380952
33.198 -0.0952380952380952 -0.126984126984127 1.06349206349206
33.232 -0.158730158730159 -0.174603174603175 1
33.432 -0.0952380952380952 -0.158730158730159 1.03174603174603
33.531 -0.126984126984127 -0.19047619047619 0.952380952380952
33.565 -0.0952380952380952 -0.126984126984127 1.07936507936508
33.631 -0.158730158730159 -0.174603174603175 0.984126984126984
33.665 -0.111111111111111 -0.126984126984127 1.07936507936508
33.698 -0.142857142857143 -0.174603174603175 0.968253968253968
33.731 -0.111111111111111 -0.142857142857143 1.04761904761905
33.865 -0.158730158730159 -0.174603174603175 0.952380952380952
33.898 -0.0952380952380952 -0.142857142857143 1.04761904761905
33.931 -0.142857142857143 -0.19047619047619 0.968253968253968
33.965 -0.111111111111111 -0.126984126984127 1.07936507936508
33.998 -0.158730158730159 -0.174603174603175 0.968253968253968
34.031 -0.111111111111111 -0.126984126984127 1.03174603174603
34.365 -0.111111111111111 -0.142857142857143 0.968253968253968
34.531 -0.126984126984127 -0.158730158730159 1.03174603174603
34.931 -0.126984126984127 -0.142857142857143 1
35.331 -0.111111111111111 -0.158730158730159 1.01587301587302
35.731 -0.126984126984127 -0.142857142857143 1
36.131 -0.126984126984127 -0.158730158730159 1.01587301587302
36.531 -0.126984126984127 -0.158730158730159 1
36.931 -0.111111111111111 -0.158730158730159 1
37.331 -0.126984126984127 -0.158730158730159 1.01587301587302
37.631 -0.126984126984127 -0.174603174603175 0.952380952380952
37.665 -0.126984126984127 -0.158730158730159 1.01587301587302
38.065 -0.126984126984127 -0.158730158730159 1
38.465 -0.0952380952380952 -0.142857142857143 1.03174603174603
38.865 -0.111111111111111 -0.158730158730159 1.01587301587302
39.265 -0.126984126984127 -0.158730158730159 1.01587301587302
39.665 -0.111111111111111 -0.142857142857143 1
40.065 -0.126984126984127 -0.158730158730159 1.01587301587302
40.465 -0.126984126984127 -0.126984126984127 0.984126984126984
40.565 -0.126984126984127 -0.142857142857143 1.06349206349206
40.598 -0.111111111111111 -0.158730158730159 0.952380952380952
40.665 -0.126984126984127 -0.158730158730159 1.01587301587302
40.865 -0.111111111111111 -0.174603174603175 0.952380952380952
40.898 -0.142857142857143 -0.174603174603175 1.03174603174603
41.298 -0.126984126984127 -0.158730158730159 1
41.698 -0.126984126984127 -0.174603174603175 0.968253968253968
41.764 -0.142857142857143 -0.158730158730159 1.04761904761905
41.798 -0.126984126984127 -0.158730158730159 0.968253968253968
41.831 -0.126984126984127 -0.158730158730159 1.06349206349206
41.864 -0.126984126984127 -0.174603174603175 0.968253968253968
41.998 -0.126984126984127 -0.142857142857143 1.04761904761905
42.098 -0.111111111111111 -0.174603174603175 0.968253968253968
42.164 -0.126984126984127 -0.174603174603175 1.03174603174603
42.364 -0.126984126984127 -0.174603174603175 0.936507936507937
42.398 -0.126984126984127 -0.158730158730159 1.03174603174603
42.798 -0.111111111111111 -0.158730158730159 1
43.198 -0.142857142857143 -0.142857142857143 1
43.598 -0.126984126984127 -0.142857142857143 0.984126984126984
43.998 -0.111111111111111 -0.142857142857143 1.03174603174603
44.064 -0.111111111111111 -0.158730158730159 0.968253968253968
44.464 -0.111111111111111 -0.142857142857143 0.984126984126984
44.864 -0.111111111111111 -0.158730158730159 0.984126984126984
45.264 -0.126984126984127 -0.158730158730159 1
45.664 -0.111111111111111 -0.142857142857143 1.01587301587302
46.064 -0.142857142857143 -0.142857142857143 1
46.464 -0.111111111111111 -0.158730158730159 1.04761904761905
46.531 -0.111111111111111 -0.158730158730159 0.984126984126984
46.698 -0.111111111111111 -0.158730158730159 1.04761904761905
46.731 -0.142857142857143 -0.158730158730159 0.984126984126984
47.131 -0.126984126984127 -0.158730158730159 1.03174603174603
47.264 -0.126984126984127 -0.142857142857143 0.968253968253968
47.331 -0.126984126984127 -0.174603174603175 1.04761904761905
47.398 -0.111111111111111 -0.142857142857143 0.984126984126984
47.798 -0.111111111111111 -0.126984126984127 0.984126984126984
48.198 -0.126984126984127 -0.158730158730159 1
48.598 -0.126984126984127 -0.158730158730159 1
48.998 -0.111111111111111 -0.158730158730159 1.03174603174603
49.064 -0.126984126984127 -0.142857142857143 0.968253968253968
49.464 -0.142857142857143 -0.174603174603175 1
49.864 -0.111111111111111 -0.174603174603175 0.968253968253968
50.197 -0.126984126984127 -0.158730158730159 1.03174603174603
50.397 -0.111111111111111 -0.174603174603175 0.968253968253968
50.531 -0.142857142857143 -0.158730158730159 1.03174603174603
50.564 -0.111111111111111 -0.142857142857143 0.968253968253968
50.731 -0.126984126984127 -0.158730158730159 1.03174603174603
51.131 -0.111111111111111 -0.142857142857143 0.984126984126984
51.164 -0.126984126984127 -0.158730158730159 1.04761904761905
51.231 -0.126984126984127 -0.126984126984127 0.984126984126984
51.631 -0.126984126984127 -0.158730158730159 1.01587301587302
52.031 -0.126984126984127 -0.142857142857143 1.01587301587302
52.431 -0.126984126984127 -0.158730158730159 1
52.831 -0.126984126984127 -0.158730158730159 0.984126984126984
53.231 -0.126984126984127 -0.158730158730159 1.01587301587302
53.631 -0.126984126984127 -0.142857142857143 1
54.031 -0.111111111111111 -0.158730158730159 1.03174603174603
54.431 -0.126984126984127 -0.158730158730159 1
54.597 -0.0952380952380952 -0.142857142857143 1.06349206349206
54.697 -0.126984126984127 -0.142857142857143 0.984126984126984
55.097 -0.126984126984127 -0.174603174603175 1
55.497 -0.126984126984127 -0.174603174603175 0.984126984126984
55.897 -0.126984126984127 -0.174603174603175 1
56.297 -0.111111111111111 -0.142857142857143 1
56.697 -0.111111111111111 -0.174603174603175 1.01587301587302
57.097 -0.126984126984127 -0.158730158730159 0.984126984126984
57.164 -0.126984126984127 -0.158730158730159 1.04761904761905
57.331 -0.142857142857143 -0.158730158730159 0.984126984126984
57.731 -0.142857142857143 -0.142857142857143 1.01587301587302
58.131 -0.111111111111111 -0.174603174603175 1.01587301587302
58.53 -0.111111111111111 -0.174603174603175 1.03174603174603
58.764 -0.126984126984127 -0.142857142857143 0.968253968253968
58.797 -0.142857142857143 -0.142857142857143 1.03174603174603
58.997 -0.142857142857143 -0.174603174603175 0.968253968253968
59.264 -0.111111111111111 -0.126984126984127 1.04761904761905
59.464 -0.111111111111111 -0.142857142857143 0.984126984126984
59.864 -0.126984126984127 -0.158730158730159 0.968253968253968
60.06 -0.126984126984127 -0.142857142857143 1.03174603174603
60.36 -0.142857142857143 -0.142857142857143 0.968253968253968
60.4 -0.126984126984127 -0.142857142857143 1.03174603174603
60.53 -0.126984126984127 -0.174603174603175 0.968253968253968
60.93 -0.126984126984127 -0.142857142857143 1
61.33 -0.126984126984127 -0.142857142857143 1.01587301587302
61.73 -0.126984126984127 -0.158730158730159 1.01587301587302
62.13 -0.126984126984127 -0.158730158730159 1
62.53 -0.126984126984127 -0.158730158730159 1
62.93 -0.111111111111111 -0.158730158730159 1
63.33 -0.111111111111111 -0.158730158730159 1.01587301587302
63.46 -0.111111111111111 -0.158730158730159 0.952380952380952
63.53 -0.142857142857143 -0.174603174603175 1.01587301587302
63.93 -0.142857142857143 -0.158730158730159 1
64.33 -0.0952380952380952 -0.158730158730159 1.01587301587302
64.7 -0.142857142857143 -0.158730158730159 0.952380952380952
64.86 -0.126984126984127 -0.142857142857143 1.03174603174603
65.26 -0.126984126984127 -0.174603174603175 1
65.66 -0.111111111111111 -0.126984126984127 1.01587301587302
66.06 -0.111111111111111 -0.174603174603175 0.984126984126984
66.23 -0.126984126984127 -0.142857142857143 1.06349206349206
66.3 -0.126984126984127 -0.158730158730159 1
66.7 -0.142857142857143 -0.174603174603175 0.984126984126984
67.1 -0.142857142857143 -0.142857142857143 1
67.5 -0.111111111111111 -0.174603174603175 1
68.2 -0.126984126984127 -0.158730158730159 0.936507936507937
68.3 -0.142857142857143 -0.158730158730159 1.01587301587302
68.7 -0.126984126984127 -0.158730158730159 1.01587301587302
69.1 -0.126984126984127 -0.158730158730159 1.01587301587302
69.5 -0.126984126984127 -0.158730158730159 1.01587301587302
69.9 -0.111111111111111 -0.158730158730159 0.984126984126984
70.3 -0.126984126984127 -0.158730158730159 0.984126984126984
70.7 -0.126984126984127 -0.142857142857143 1.01587301587302
71.1 -0.142857142857143 -0.158730158730159 1
71.5 -0.126984126984127 -0.174603174603175 1
71.9 -0.126984126984127 -0.158730158730159 1.01587301587302
72.3 -0.126984126984127 -0.158730158730159 1
72.7 -0.111111111111111 -0.174603174603175 0.984126984126984
73.1 -0.142857142857143 -0.158730158730159 1.01587301587302
73.5 -0.142857142857143 -0.174603174603175 1
73.9 -0.111111111111111 -0.174603174603175 1.01587301587302
74.3 -0.126984126984127 -0.158730158730159 1
74.7 -0.111111111111111 -0.174603174603175 1
75.1 -0.111111111111111 -0.158730158730159 1.03174603174603
75.5 -0.126984126984127 -0.158730158730159 1
75.9 -0.126984126984127 -0.174603174603175 1.01587301587302
76.3 -0.142857142857143 -0.158730158730159 1
76.7 -0.111111111111111 -0.174603174603175 1
77.1 -0.126984126984127 -0.158730158730159 0.984126984126984
77.43 -0.126984126984127 -0.174603174603175 1.04761904761905
77.46 -0.111111111111111 -0.142857142857143 0.984126984126984
77.86 -0.126984126984127 -0.158730158730159 1
78.26 -0.126984126984127 -0.158730158730159 1.01587301587302
78.66 -0.126984126984127 -0.158730158730159 1
79.06 -0.126984126984127 -0.158730158730159 1
79.46 -0.111111111111111 -0.158730158730159 1
79.86 -0.111111111111111 -0.142857142857143 1
80.26 -0.126984126984127 -0.174603174603175 1
80.66 -0.142857142857143 -0.158730158730159 1
81.06 -0.126984126984127 -0.158730158730159 1.01587301587302
81.46 -0.126984126984127 -0.142857142857143 1.01587301587302
81.86 -0.126984126984127 -0.158730158730159 1.01587301587302
82.26 -0.142857142857143 -0.158730158730159 1
82.66 -0.111111111111111 -0.174603174603175 1.01587301587302
83.06 -0.126984126984127 -0.174603174603175 1.03174603174603
83.43 -0.126984126984127 -0.174603174603175 0.968253968253968
83.83 -0.142857142857143 -0.158730158730159 1
84.23 -0.142857142857143 -0.142857142857143 0.984126984126984
84.63 -0.142857142857143 -0.158730158730159 0.984126984126984
85.03 -0.126984126984127 -0.158730158730159 1
85.43 -0.126984126984127 -0.158730158730159 1
85.83 -0.126984126984127 -0.174603174603175 1
86.23 -0.126984126984127 -0.158730158730159 1.01587301587302
86.43 -0.126984126984127 -0.158730158730159 0.952380952380952
86.5 -0.126984126984127 -0.142857142857143 1.01587301587302
86.9 -0.126984126984127 -0.158730158730159 1
87.3 -0.126984126984127 -0.174603174603175 1.01587301587302
87.7 -0.126984126984127 -0.142857142857143 1.03174603174603
88.1 -0.142857142857143 -0.142857142857143 1.01587301587302
88.5 -0.126984126984127 -0.174603174603175 0.984126984126984
88.73 -0.142857142857143 -0.158730158730159 1.06349206349206
88.83 -0.142857142857143 -0.158730158730159 0.984126984126984
89.23 -0.111111111111111 -0.158730158730159 1.01587301587302
89.63 -0.111111111111111 -0.126984126984127 0.984126984126984
89.96 -0.126984126984127 -0.126984126984127 1.04761904761905
90.03 -0.126984126984127 -0.174603174603175 0.984126984126984
90.43 -0.142857142857143 -0.158730158730159 0.968253968253968
90.53 -0.126984126984127 -0.158730158730159 1.03174603174603
90.6 -0.142857142857143 -0.158730158730159 0.968253968253968
91 -0.142857142857143 -0.174603174603175 1
91.4 -0.142857142857143 -0.142857142857143 1
91.8 -0.158730158730159 -0.142857142857143 1.01587301587302
92.2 -0.142857142857143 -0.158730158730159 1
92.6 -0.111111111111111 -0.142857142857143 1.01587301587302
93 -0.126984126984127 -0.142857142857143 0.984126984126984
93.4 -0.142857142857143 -0.158730158730159 0.984126984126984
93.8 -0.126984126984127 -0.158730158730159 1
94.2 -0.126984126984127 -0.142857142857143 1.03174603174603
94.6 -0.126984126984127 -0.158730158730159 1
95 -0.142857142857143 -0.158730158730159 1.01587301587302
95.4 -0.126984126984127 -0.142857142857143 0.984126984126984
95.8 -0.111111111111111 -0.142857142857143 1
96.2 -0.126984126984127 -0.158730158730159 1.01587301587302
96.6 -0.142857142857143 -0.126984126984127 0.984126984126984
97 -0.142857142857143 -0.158730158730159 0.968253968253968
97.16 -0.126984126984127 -0.158730158730159 1.03174603174603
97.56 -0.142857142857143 -0.158730158730159 0.984126984126984
97.96 -0.126984126984127 -0.142857142857143 0.984126984126984
98.36 -0.142857142857143 -0.158730158730159 1
98.76 -0.126984126984127 -0.158730158730159 1
99.16 -0.126984126984127 -0.158730158730159 1
99.56 -0.126984126984127 -0.158730158730159 1
99.96 -0.126984126984127 -0.142857142857143 1.01587301587302
100.36 -0.126984126984127 -0.158730158730159 1
100.76 -0.142857142857143 -0.174603174603175 1
101.16 -0.126984126984127 -0.142857142857143 1
101.56 -0.126984126984127 -0.142857142857143 1
101.96 -0.142857142857143 -0.158730158730159 1
102.36 -0.126984126984127 -0.158730158730159 1
102.76 -0.126984126984127 -0.142857142857143 1.01587301587302
103.16 -0.126984126984127 -0.142857142857143 1.01587301587302
103.56 -0.111111111111111 -0.142857142857143 1.01587301587302
103.96 -0.142857142857143 -0.142857142857143 1
104.36 -0.111111111111111 -0.158730158730159 1.01587301587302
105.3 -0.111111111111111 -0.158730158730159 1.01587301587302
105.7 -0.126984126984127 -0.158730158730159 1
106.1 -0.126984126984127 -0.174603174603175 1
106.5 -0.126984126984127 -0.142857142857143 1.01587301587302
106.9 -0.142857142857143 -0.142857142857143 1
107.3 -0.126984126984127 -0.174603174603175 1
107.7 -0.126984126984127 -0.158730158730159 0.984126984126984
108.1 -0.142857142857143 -0.158730158730159 0.968253968253968
108.46 -0.126984126984127 -0.142857142857143 1.03174603174603
108.86 -0.126984126984127 -0.158730158730159 0.984126984126984
109.26 -0.142857142857143 -0.158730158730159 1.01587301587302
109.66 -0.142857142857143 -0.142857142857143 1.03174603174603
109.76 -0.126984126984127 -0.158730158730159 0.968253968253968
109.9 -0.126984126984127 -0.158730158730159 1.03174603174603
110.3 -0.111111111111111 -0.142857142857143 0.984126984126984
110.7 -0.126984126984127 -0.142857142857143 1
111.1 -0.111111111111111 -0.158730158730159 1
111.5 -0.126984126984127 -0.158730158730159 1
111.9 -0.126984126984127 -0.142857142857143 0.984126984126984
112.3 -0.126984126984127 -0.142857142857143 0.984126984126984
112.7 -0.126984126984127 -0.158730158730159 1.01587301587302
113.1 -0.126984126984127 -0.142857142857143 0.984126984126984
113.5 -0.126984126984127 -0.158730158730159 1.01587301587302
113.9 -0.111111111111111 -0.158730158730159 0.984126984126984
114.3 -0.126984126984127 -0.174603174603175 0.984126984126984
114.7 -0.126984126984127 -0.142857142857143 1
115.1 -0.126984126984127 -0.158730158730159 1.01587301587302
115.2 -0.126984126984127 -0.174603174603175 0.952380952380952
115.6 -0.142857142857143 -0.142857142857143 1
116 -0.126984126984127 -0.142857142857143 1.01587301587302
116.4 -0.126984126984127 -0.142857142857143 1.01587301587302
116.8 -0.126984126984127 -0.142857142857143 1.03174603174603
117.2 -0.126984126984127 -0.158730158730159 0.984126984126984
117.6 -0.142857142857143 -0.158730158730159 1
118 -0.126984126984127 -0.142857142857143 1
118.4 -0.142857142857143 -0.174603174603175 0.984126984126984
118.8 -0.126984126984127 -0.158730158730159 1.01587301587302
