14 43 2 912
14 43 13 584

10.699 0.396825396825397 -0.0158730158730159 0.968253968253968
10.966 0.412698412698413 -0.0158730158730159 1.03174603174603
11.066 0.380952380952381 -0.0317460317460317 0.952380952380952
11.466 0.396825396825397 -0.0476190476190476 1
11.866 0.380952380952381 -0.0158730158730159 0.984126984126984
12.266 0.396825396825397 -0.0317460317460317 0.984126984126984
12.666 0.396825396825397 -0.0317460317460317 1
13.066 0.396825396825397 -0.0317460317460317 0.984126984126984
13.466 0.412698412698413 -0.0476190476190476 0.984126984126984
13.866 0.396825396825397 -0.0317460317460317 0.984126984126984
14.266 0.396825396825397 -0.0317460317460317 0.984126984126984
14.666 0.396825396825397 -0.0317460317460317 1
15.066 0.396825396825397 -0.0476190476190476 1
15.466 0.396825396825397 -0.0476190476190476 0.984126984126984
15.866 0.396825396825397 -0.0476190476190476 0.984126984126984
16.266 0.412698412698413 -0.0317460317460317 1.03174603174603
16.332 0.380952380952381 -0.0317460317460317 0.968253968253968
16.732 0.396825396825397 -0.0317460317460317 0.984126984126984
17.132 0.412698412698413 -0.0476190476190476 1
17.532 0.412698412698413 -0.0476190476190476 1
17.932 0.396825396825397 -0.0158730158730159 0.984126984126984
18.332 0.396825396825397 -0.0317460317460317 1.01587301587302
18.365 0.396825396825397 -0.0158730158730159 0.952380952380952
18.765 0.396825396825397 -0.0476190476190476 0.968253968253968
19.165 0.380952380952381 -0.0476190476190476 0.984126984126984
19.565 0.380952380952381 -0.0317460317460317 0.968253968253968
19.899 0.396825396825397 -0.0476190476190476 1.03174603174603
19.932 0.396825396825397 -0.0317460317460317 0.968253968253968
20.332 0.412698412698413 -0.0476190476190476 0.984126984126984
20.732 0.412698412698413 -0.0476190476190476 0.984126984126984
21.132 0.396825396825397 -0.0634920634920635 0.968253968253968
21.299 0.396825396825397 0.0158730158730159 0.968253968253968
21.365 0.396825396825397 -0.0476190476190476 0.984126984126984
21.765 0.396825396825397 -0.0476190476190476 0.984126984126984
22.165 0.396825396825397 -0.0476190476190476 0.984126984126984
22.565 0.380952380952381 -0.0317460317460317 0.984126984126984
22.965 0.396825396825397 -0.0476190476190476 0.968253968253968
23.199 0.396825396825397 0.0158730158730159 0.984126984126984
23.232 0.396825396825397 -0.0476190476190476 0.968253968253968
23.632 0.412698412698413 -0.0317460317460317 0.984126984126984
24.032 0.380952380952381 -0.0317460317460317 0.984126984126984
24.432 0.396825396825397 -0.0317460317460317 1.01587301587302
24.832 0.396825396825397 -0.0317460317460317 0.952380952380952
25.132 0.396825396825397 -0.0317460317460317 1.01587301587302
25.532 0.412698412698413 -0.0317460317460317 0.984126984126984
25.932 0.396825396825397 -0.0317460317460317 1
26.332 0.412698412698413 -0.0317460317460317 0.952380952380952
26.732 0.396825396825397 0 1
27.132 0.396825396825397 -0.0317460317460317 1
27.532 0.396825396825397 -0.0317460317460317 0.968253968253968
27.932 0.396825396825397 0.0158730158730159 0.968253968253968
28.032 0.396825396825397 -0.0952380952380952 0.984126984126984
28.098 0.396825396825397 0.0317460317460317 0.968253968253968
28.132 0.412698412698413 -0.0317460317460317 0.984126984126984
28.165 0.412698412698413 -0.0952380952380952 0.968253968253968
28.265 0.396825396825397 0.0317460317460317 0.968253968253968
28.298 0.380952380952381 -0.0317460317460317 1
28.332 0.396825396825397 -0.0952380952380952 0.984126984126984
28.365 0.412698412698413 0 0.968253968253968
28.432 0.412698412698413 -0.0793650793650794 0.984126984126984
28.498 0.412698412698413 0.0317460317460317 0.968253968253968
28.532 0.412698412698413 0 1.03174603174603
28.565 0.396825396825397 -0.0952380952380952 1
28.598 0.396825396825397 -0.0317460317460317 0.968253968253968
28.698 0.396825396825397 -0.0952380952380952 1
28.732 0.380952380952381 -0.0317460317460317 1
28.765 0.396825396825397 -0.0952380952380952 0.984126984126984
28.798 0.396825396825397 0 0.952380952380952
28.832 0.396825396825397 0.0634920634920635 0.984126984126984
28.865 0.412698412698413 -0.0476190476190476 1
28.898 0.396825396825397 -0.111111111111111 0.984126984126984
28.932 0.396825396825397 -0.0476190476190476 0.968253968253968
28.965 0.380952380952381 0.0317460317460317 0.968253968253968
29.032 0.396825396825397 -0.0793650793650794 0.984126984126984
29.098 0.396825396825397 0 0.952380952380952
29.132 0.380952380952381 0.0634920634920635 1.01587301587302
29.198 0.396825396825397 -0.0793650793650794 1.01587301587302
29.332 0.396825396825397 -0.0476190476190476 0.952380952380952
29.365 0.412698412698413 0.0476190476190476 0.984126984126984
29.432 0.396825396825397 -0.0317460317460317 1.04761904761905
29.465 0.396825396825397 -0.111111111111111 1
29.532 0.396825396825397 0.0317460317460317 0.968253968253968
29.632 0.396825396825397 -0.0952380952380952 1
29.698 0.396825396825397 0.0158730158730159 1
29.765 0.412698412698413 -0.0634920634920635 0.968253968253968
29.798 0.396825396825397 0.0317460317460317 1
29.832 0.396825396825397 -0.0793650793650794 1
29.898 0.396825396825397 0.0158730158730159 0.984126984126984
29.998 0.396825396825397 -0.126984126984127 0.984126984126984
30.032 0.412698412698413 -0.0634920634920635 0.968253968253968
30.065 0.396825396825397 0.0158730158730159 0.952380952380952
30.098 0.396825396825397 0.0476190476190476 1.01587301587302
30.165 0.396825396825397 -0.0793650793650794 1.01587301587302
30.265 0.396825396825397 0.0317460317460317 1.01587301587302
30.298 0.396825396825397 -0.0952380952380952 0.984126984126984
30.332 0.412698412698413 -0.0158730158730159 0.952380952380952
30.365 0.412698412698413 0.0476190476190476 0.984126984126984
30.432 0.412698412698413 -0.0634920634920635 1.03174603174603
30.498 0.396825396825397 -0.0317460317460317 0.952380952380952
30.532 0.380952380952381 0.0317460317460317 0.952380952380952
30.598 0.380952380952381 -0.0317460317460317 0.984126984126984
30.632 0.380952380952381 -0.111111111111111 1
30.665 0.396825396825397 -0.0476190476190476 0.968253968253968
30.698 0.396825396825397 0.0317460317460317 0.968253968253968
30.798 0.396825396825397 -0.0952380952380952 0.984126984126984
30.832 0.380952380952381 0.0476190476190476 1.01587301587302
30.865 0.396825396825397 -0.0476190476190476 1.03174603174603
30.898 0.428571428571429 -0.111111111111111 0.968253968253968
30.965 0.412698412698413 0.0317460317460317 0.936507936507937
31.032 0.412698412698413 -0.0158730158730159 1.04761904761905
31.065 0.412698412698413 -0.111111111111111 1.01587301587302
31.132 0.396825396825397 -0.0317460317460317 0.952380952380952
31.165 0.396825396825397 0.0317460317460317 0.968253968253968
31.198 0.396825396825397 0.0158730158730159 1.03174603174603
31.232 0.396825396825397 -0.0476190476190476 1
31.265 0.412698412698413 -0.111111111111111 0.968253968253968
31.332 0.396825396825397 0.0158730158730159 0.952380952380952
31.365 0.428571428571429 -0.0793650793650794 1
31.432 0.380952380952381 0.0476190476190476 0.968253968253968
31.498 0.412698412698413 -0.0476190476190476 1
31.598 0.396825396825397 0.0317460317460317 0.952380952380952
31.665 0.396825396825397 0 1.01587301587302
31.698 0.396825396825397 -0.0793650793650794 1
31.798 0.380952380952381 0.0317460317460317 0.968253968253968
31.865 0.396825396825397 -0.0317460317460317 0.984126984126984
31.898 0.396825396825397 0.0634920634920635 0.984126984126984
31.965 0.412698412698413 -0.0476190476190476 1.04761904761905
32.032 0.396825396825397 -0.0793650793650794 0.984126984126984
32.065 0.412698412698413 -0.0158730158730159 0.952380952380952
32.098 0.396825396825397 0.0793650793650794 0.952380952380952
32.165 0.396825396825397 -0.0476190476190476 1.04761904761905
32.198 0.412698412698413 -0.111111111111111 0.984126984126984
32.265 0.396825396825397 0.0317460317460317 0.952380952380952
32.365 0.396825396825397 -0.0952380952380952 1.01587301587302
32.398 0.380952380952381 0.0476190476190476 1.01587301587302
32.432 0.396825396825397 -0.0476190476190476 1.01587301587302
32.465 0.412698412698413 -0.111111111111111 1
32.498 0.396825396825397 -0.0476190476190476 0.952380952380952
32.532 0.396825396825397 0.0317460317460317 0.952380952380952
32.598 0.396825396825397 0 1.01587301587302
32.632 0.396825396825397 -0.111111111111111 1.01587301587302
32.698 0.396825396825397 -0.0317460317460317 0.952380952380952
32.732 0.396825396825397 0.0634920634920635 0.984126984126984
32.798 0.396825396825397 -0.0476190476190476 1
33.198 0.396825396825397 -0.0317460317460317 0.984126984126984
33.598 0.396825396825397 -0.0476190476190476 1
33.998 0.412698412698413 -0.0476190476190476 0.952380952380952
34.398 0.396825396825397 -0.0476190476190476 1
34.798 0.396825396825397 -0.0158730158730159 0.984126984126984
35.198 0.396825396825397 -0.0317460317460317 1.01587301587302
35.598 0.396825396825397 -0.0317460317460317 0.984126984126984
35.998 0.396825396825397 -0.0317460317460317 0.984126984126984
36.398 0.365079365079365 -0.0317460317460317 0.952380952380952
36.431 0.412698412698413 -0.0476190476190476 1.03174603174603
36.465 0.380952380952381 0.0158730158730159 0.952380952380952
36.498 0.396825396825397 -0.0476190476190476 1
36.565 0.380952380952381 -0.0317460317460317 0.936507936507937
36.598 0.428571428571429 -0.0634920634920635 1
36.631 0.380952380952381 0.0158730158730159 0.936507936507937
36.665 0.412698412698413 -0.0793650793650794 0.984126984126984
36.731 0.396825396825397 0 0.968253968253968
36.765 0.380952380952381 -0.0634920634920635 0.984126984126984
36.831 0.365079365079365 0 0.952380952380952
36.865 0.412698412698413 -0.0634920634920635 1
36.898 0.396825396825397 0 1
36.931 0.396825396825397 -0.0634920634920635 0.984126984126984
37.065 0.396825396825397 0.0158730158730159 0.968253968253968
37.098 0.396825396825397 -0.0634920634920635 1
37.265 0.396825396825397 0 0.984126984126984
37.298 0.412698412698413 -0.0634920634920635 1.01587301587302
37.431 0.365079365079365 0 0.952380952380952
37.465 0.412698412698413 -0.0634920634920635 1.01587301587302
37.498 0.380952380952381 0 0.952380952380952
37.531 0.380952380952381 -0.0634920634920635 0.984126984126984
37.598 0.396825396825397 0 0.984126984126984
37.698 0.412698412698413 -0.0634920634920635 1
37.865 0.380952380952381 0 0.968253968253968
37.898 0.412698412698413 -0.0793650793650794 1.01587301587302
37.931 0.412698412698413 -0.0158730158730159 1
38.331 0.396825396825397 -0.0634920634920635 0.984126984126984
38.465 0.380952380952381 0.0158730158730159 0.968253968253968
38.498 0.380952380952381 -0.0476190476190476 1.01587301587302
38.898 0.396825396825397 0 0.984126984126984
38.931 0.396825396825397 -0.0634920634920635 0.968253968253968
39.065 0.380952380952381 0 0.968253968253968
39.098 0.412698412698413 -0.0793650793650794 0.984126984126984
39.165 0.380952380952381 0 0.984126984126984
39.365 0.380952380952381 -0.0634920634920635 0.968253968253968
39.398 0.396825396825397 -0.0317460317460317 1.03174603174603
39.598 0.396825396825397 -0.0317460317460317 0.968253968253968
39.698 0.396825396825397 -0.0952380952380952 0.984126984126984
39.731 0.412698412698413 0 1.01587301587302
39.865 0.380952380952381 -0.0317460317460317 0.952380952380952
39.931 0.380952380952381 0.0317460317460317 0.952380952380952
39.965 0.380952380952381 -0.0793650793650794 1
40.098 0.380952380952381 0.0158730158730159 0.968253968253968
40.131 0.412698412698413 -0.0476190476190476 1.01587301587302
40.265 0.380952380952381 0 0.920634920634921
40.298 0.412698412698413 -0.0634920634920635 1
40.331 0.380952380952381 0.0158730158730159 1
40.398 0.412698412698413 -0.0476190476190476 1.01587301587302
40.598 0.380952380952381 0.0158730158730159 0.984126984126984
40.631 0.380952380952381 -0.0634920634920635 0.968253968253968
40.765 0.396825396825397 0 0.968253968253968
40.898 0.380952380952381 -0.0634920634920635 0.968253968253968
40.965 0.396825396825397 0.0158730158730159 0.952380952380952
40.998 0.412698412698413 -0.0634920634920635 1
41.031 0.396825396825397 0 0.984126984126984
41.231 0.396825396825397 -0.0634920634920635 0.984126984126984
41.265 0.380952380952381 0.0158730158730159 0.984126984126984
41.298 0.396825396825397 -0.0634920634920635 1
41.365 0.380952380952381 0 0.984126984126984
41.431 0.412698412698413 -0.0634920634920635 1.01587301587302
41.465 0.365079365079365 0.0158730158730159 0.968253968253968
41.498 0.380952380952381 -0.0634920634920635 0.984126984126984
41.898 0.396825396825397 -0.0476190476190476 0.984126984126984
42.298 0.396825396825397 -0.0317460317460317 0.984126984126984
42.698 0.396825396825397 -0.0476190476190476 0.984126984126984
43.098 0.396825396825397 -0.0317460317460317 0.968253968253968
43.498 0.396825396825397 -0.0317460317460317 0.984126984126984
43.898 0.396825396825397 -0.0317460317460317 0.984126984126984
44.298 0.396825396825397 -0.0476190476190476 0.968253968253968
44.698 0.396825396825397 -0.0476190476190476 1.01587301587302
44.898 0.396825396825397 0.0317460317460317 0.968253968253968
45.031 0.396825396825397 -0.0476190476190476 0.952380952380952
45.431 0.396825396825397 -0.0158730158730159 0.984126984126984
45.831 0.396825396825397 -0.0476190476190476 0.968253968253968
46.231 0.412698412698413 -0.0317460317460317 0.968253968253968
46.631 0.396825396825397 -0.0317460317460317 0.968253968253968
47.031 0.396825396825397 -0.0317460317460317 0.968253968253968
47.431 0.396825396825397 0 1
47.831 0.396825396825397 -0.0476190476190476 0.984126984126984
48.231 0.412698412698413 -0.0317460317460317 0.968253968253968
48.631 0.396825396825397 -0.0476190476190476 1.01587301587302
48.864 0.412698412698413 -0.0317460317460317 0.936507936507937
48.931 0.412698412698413 -0.0158730158730159 1
49.331 0.396825396825397 -0.0317460317460317 1
49.731 0.412698412698413 -0.0317460317460317 1.01587301587302
49.831 0.396825396825397 -0.0158730158730159 0.952380952380952
50.231 0.412698412698413 -0.0476190476190476 0.968253968253968
50.631 0.396825396825397 -0.0317460317460317 0.984126984126984
51.031 0.396825396825397 -0.0476190476190476 0.984126984126984
51.431 0.380952380952381 -0.0476190476190476 1
51.831 0.396825396825397 -0.0317460317460317 1.03174603174603
52.097 0.396825396825397 -0.0317460317460317 0.952380952380952
52.397 0.412698412698413 -0.0317460317460317 1.01587301587302
52.764 0.396825396825397 -0.0476190476190476 0.952380952380952
53.164 0.380952380952381 -0.0158730158730159 0.984126984126984
53.431 0.396825396825397 0.0476190476190476 1.01587301587302
53.464 0.412698412698413 -0.0317460317460317 1
53.864 0.396825396825397 -0.0317460317460317 0.984126984126984
54.264 0.380952380952381 -0.0317460317460317 0.968253968253968
54.664 0.396825396825397 -0.0317460317460317 1
55.064 0.365079365079365 -0.0476190476190476 0.952380952380952
55.431 0.380952380952381 -0.0158730158730159 1.01587301587302
55.497 0.380952380952381 -0.0158730158730159 0.952380952380952
55.664 0.396825396825397 -0.0158730158730159 1.01587301587302
55.831 0.380952380952381 -0.0317460317460317 0.936507936507937
55.897 0.412698412698413 -0.0476190476190476 1
56.297 0.412698412698413 -0.0317460317460317 1
56.697 0.396825396825397 -0.0317460317460317 0.984126984126984
57.097 0.412698412698413 -0.0317460317460317 1
57.497 0.412698412698413 -0.0476190476190476 1
57.897 0.396825396825397 0 1
58.297 0.396825396825397 -0.0476190476190476 0.968253968253968
58.697 0.380952380952381 -0.0158730158730159 0.968253968253968
59.097 0.380952380952381 -0.0476190476190476 0.984126984126984
59.497 0.396825396825397 -0.0317460317460317 1
59.897 0.396825396825397 -0.0158730158730159 0.984126984126984
60.3 0.380952380952381 -0.0317460317460317 0.984126984126984
60.7 0.396825396825397 -0.0317460317460317 0.984126984126984
61.1 0.412698412698413 -0.0476190476190476 0.968253968253968
61.5 0.396825396825397 -0.0317460317460317 0.984126984126984
61.83 0.412698412698413 0.0317460317460317 0.968253968253968
61.86 0.412698412698413 -0.0952380952380952 0.984126984126984
61.96 0.412698412698413 -0.0158730158730159 0.952380952380952
62.1 0.412698412698413 -0.0476190476190476 1.01587301587302
62.5 0.412698412698413 -0.0158730158730159 0.984126984126984
62.9 0.396825396825397 -0.0317460317460317 0.952380952380952
63.1 0.412698412698413 -0.0317460317460317 1.01587301587302
63.2 0.396825396825397 -0.0317460317460317 0.952380952380952
63.33 0.396825396825397 -0.0317460317460317 1.01587301587302
63.63 0.396825396825397 -0.0317460317460317 0.952380952380952
64 0.412698412698413 -0.0158730158730159 1.01587301587302
64.16 0.380952380952381 -0.0317460317460317 0.952380952380952
64.43 0.380952380952381 -0.0158730158730159 1.01587301587302
64.83 0.380952380952381 -0.0158730158730159 0.952380952380952
65 0.412698412698413 -0.0317460317460317 1.04761904761905
65.03 0.396825396825397 -0.0317460317460317 0.984126984126984
65.43 0.396825396825397 -0.0158730158730159 1.01587301587302
65.53 0.396825396825397 -0.0476190476190476 0.952380952380952
65.96 0.396825396825397 -0.0476190476190476 1.01587301587302
66.36 0.396825396825397 -0.0317460317460317 0.952380952380952
66.76 0.396825396825397 -0.0317460317460317 0.968253968253968
67.16 0.412698412698413 -0.0317460317460317 0.984126984126984
67.56 0.412698412698413 -0.0317460317460317 0.984126984126984
67.96 0.380952380952381 -0.0317460317460317 0.968253968253968
68.36 0.396825396825397 -0.0317460317460317 0.968253968253968
68.76 0.396825396825397 -0.0317460317460317 0.984126984126984
69.16 0.396825396825397 -0.0317460317460317 0.984126984126984
69.56 0.396825396825397 -0.0317460317460317 0.984126984126984
69.96 0.396825396825397 -0.0317460317460317 0.984126984126984
70.3 0.428571428571429 0.0317460317460317 0.984126984126984
70.36 0.412698412698413 0.0793650793650794 1.04761904761905
70.4 0.396825396825397 -0.0793650793650794 1
70.46 0.412698412698413 0.0952380952380952 1.01587301587302
70.5 0.396825396825397 -0.0634920634920635 1.01587301587302
70.53 0.396825396825397 -0.126984126984127 0.968253968253968
70.56 0.380952380952381 0.0634920634920635 0.936507936507937
70.6 0.396825396825397 0.0158730158730159 1.03174603174603
70.63 0.412698412698413 -0.111111111111111 0.984126984126984
70.73 0.396825396825397 0.0793650793650794 0.984126984126984
70.76 0.396825396825397 -0.0634920634920635 1.03174603174603
70.8 0.412698412698413 -0.126984126984127 0.984126984126984
70.83 0.396825396825397 0.0793650793650794 0.984126984126984
70.86 0.380952380952381 0.0158730158730159 1
70.9 0.396825396825397 -0.126984126984127 0.984126984126984
70.93 0.412698412698413 0.0158730158730159 0.936507936507937
70.96 0.396825396825397 0.0317460317460317 1.01587301587302
71 0.396825396825397 -0.126984126984127 0.984126984126984
71.03 0.412698412698413 -0.0317460317460317 0.968253968253968
71.06 0.412698412698413 0.0793650793650794 1
71.1 0.412698412698413 -0.0952380952380952 1.01587301587302
71.13 0.396825396825397 -0.0793650793650794 0.936507936507937
71.2 0.412698412698413 0.0158730158730159 0.968253968253968
71.26 0.380952380952381 -0.142857142857143 0.968253968253968
71.3 0.412698412698413 -0.0158730158730159 0.984126984126984
71.33 0.428571428571429 0.0793650793650794 1.03174603174603
71.36 0.412698412698413 -0.0793650793650794 1.04761904761905
71.4 0.396825396825397 -0.0952380952380952 0.968253968253968
71.43 0.396825396825397 0.0793650793650794 0.952380952380952
71.46 0.412698412698413 0.0158730158730159 1.04761904761905
71.5 0.412698412698413 -0.111111111111111 1
71.53 0.412698412698413 0.0158730158730159 0.984126984126984
71.6 0.396825396825397 -0.126984126984127 0.984126984126984
71.63 0.412698412698413 -0.0158730158730159 0.984126984126984
71.66 0.396825396825397 0.0634920634920635 1.01587301587302
71.76 0.412698412698413 -0.142857142857143 1
71.8 0.396825396825397 0 0.936507936507937
71.86 0.396825396825397 -0.126984126984127 1
71.9 0.396825396825397 -0.0476190476190476 0.936507936507937
71.93 0.396825396825397 0.0793650793650794 1
71.96 0.396825396825397 -0.0793650793650794 1
72.03 0.412698412698413 0.0634920634920635 0.936507936507937
72.06 0.396825396825397 0 1.01587301587302
72.1 0.412698412698413 -0.158730158730159 1
72.13 0.396825396825397 0 0.952380952380952
72.16 0.380952380952381 0.0793650793650794 0.984126984126984
72.26 0.380952380952381 -0.126984126984127 0.952380952380952
72.3 0.412698412698413 0.0634920634920635 0.952380952380952
72.33 0.412698412698413 0.0317460317460317 1.01587301587302
72.36 0.396825396825397 -0.158730158730159 1
72.4 0.396825396825397 -0.0317460317460317 0.952380952380952
72.43 0.380952380952381 0.0793650793650794 1
72.46 0.396825396825397 -0.0793650793650794 1
72.53 0.396825396825397 0.0793650793650794 1.01587301587302
72.56 0.380952380952381 -0.0476190476190476 1.01587301587302
72.6 0.396825396825397 -0.126984126984127 0.952380952380952
72.63 0.412698412698413 0.0476190476190476 0.952380952380952
72.7 0.412698412698413 -0.142857142857143 1
72.73 0.412698412698413 -0.0634920634920635 1
72.8 0.380952380952381 0.0634920634920635 0.968253968253968
72.83 0.380952380952381 -0.0158730158730159 0.984126984126984
72.86 0.380952380952381 -0.142857142857143 0.968253968253968
72.9 0.412698412698413 0.0158730158730159 0.952380952380952
72.93 0.396825396825397 0.0793650793650794 1.01587301587302
72.96 0.412698412698413 -0.126984126984127 1.03174603174603
73 0.412698412698413 -0.0793650793650794 0.968253968253968
73.03 0.380952380952381 0.0952380952380952 0.984126984126984
73.06 0.396825396825397 -0.0476190476190476 1.01587301587302
73.1 0.412698412698413 -0.158730158730159 0.968253968253968
73.13 0.412698412698413 0.0317460317460317 0.952380952380952
73.2 0.396825396825397 -0.111111111111111 0.968253968253968
73.23 0.412698412698413 -0.0634920634920635 1.03174603174603
73.26 0.412698412698413 -0.142857142857143 0.984126984126984
73.3 0.412698412698413 0.0634920634920635 0.952380952380952
73.33 0.396825396825397 0.0317460317460317 1.01587301587302
73.36 0.412698412698413 -0.126984126984127 1.01587301587302
73.4 0.412698412698413 -0.0476190476190476 0.936507936507937
73.43 0.396825396825397 0.0634920634920635 1.03174603174603
73.5 0.396825396825397 -0.0952380952380952 0.936507936507937
73.53 0.396825396825397 0.0793650793650794 0.984126984126984
73.56 0.412698412698413 0.0158730158730159 1.03174603174603
73.6 0.396825396825397 -0.142857142857143 0.984126984126984
73.76 0.396825396825397 -0.126984126984127 1
73.8 0.396825396825397 0.0158730158730159 0.968253968253968
73.83 0.412698412698413 0.0793650793650794 1
73.86 0.412698412698413 -0.126984126984127 1.03174603174603
73.9 0.412698412698413 -0.0952380952380952 0.952380952380952
73.93 0.412698412698413 0.111111111111111 0.984126984126984
73.96 0.396825396825397 0 1
74 0.412698412698413 -0.142857142857143 0.968253968253968
74.03 0.396825396825397 0 0.968253968253968
74.06 0.396825396825397 0.0634920634920635 1
74.1 0.396825396825397 -0.0952380952380952 1
74.16 0.396825396825397 0.0793650793650794 0.984126984126984
74.2 0.412698412698413 -0.0317460317460317 1.01587301587302
74.23 0.396825396825397 0.0634920634920635 1.03174603174603
74.26 0.412698412698413 -0.126984126984127 1.01587301587302
74.3 0.412698412698413 -0.0634920634920635 0.952380952380952
74.33 0.396825396825397 0.0476190476190476 1
74.36 0.396825396825397 -0.0476190476190476 1.01587301587302
74.43 0.412698412698413 0.0476190476190476 0.952380952380952
74.46 0.396825396825397 0.0317460317460317 1.01587301587302
74.5 0.396825396825397 -0.126984126984127 1
74.53 0.412698412698413 -0.0634920634920635 0.952380952380952
74.56 0.396825396825397 0.0952380952380952 0.984126984126984
74.6 0.396825396825397 -0.0476190476190476 1
74.63 0.428571428571429 -0.142857142857143 0.984126984126984
74.66 0.396825396825397 0.0476190476190476 0.968253968253968
74.73 0.412698412698413 -0.126984126984127 1
74.76 0.396825396825397 -0.0634920634920635 1.01587301587302
74.8 0.396825396825397 -0.126984126984127 0.952380952380952
74.83 0.396825396825397 0.0634920634920635 0.984126984126984
74.9 0.396825396825397 -0.142857142857143 1.01587301587302
74.93 0.412698412698413 -0.0634920634920635 0.968253968253968
74.96 0.396825396825397 0.0793650793650794 1
75 0.396825396825397 -0.0476190476190476 1.01587301587302
75.03 0.412698412698413 -0.0952380952380952 0.952380952380952
75.06 0.412698412698413 0.0793650793650794 0.952380952380952
75.1 0.396825396825397 0 1.04761904761905
75.13 0.412698412698413 -0.142857142857143 1
75.16 0.396825396825397 -0.0158730158730159 0.968253968253968
75.2 0.396825396825397 0.0952380952380952 1
75.23 0.412698412698413 -0.0793650793650794 1.01587301587302
75.26 0.380952380952381 0.0317460317460317 1
75.3 0.412698412698413 -0.0952380952380952 0.968253968253968
75.33 0.412698412698413 0 0.952380952380952
75.36 0.412698412698413 0.0952380952380952 1
75.4 0.412698412698413 -0.0952380952380952 1.03174603174603
75.43 0.412698412698413 -0.111111111111111 0.952380952380952
75.46 0.396825396825397 0.0952380952380952 0.968253968253968
75.5 0.428571428571429 0.0158730158730159 1.03174603174603
75.53 0.396825396825397 -0.142857142857143 1
75.56 0.412698412698413 -0.0317460317460317 0.936507936507937
75.6 0.396825396825397 0.0634920634920635 1.01587301587302
75.63 0.396825396825397 0 1.01587301587302
76.03 0.365079365079365 -0.0317460317460317 0.984126984126984
76.43 0.396825396825397 -0.0158730158730159 1
76.73 0.412698412698413 -0.0476190476190476 0.920634920634921
76.76 0.396825396825397 -0.0317460317460317 0.984126984126984
77.16 0.412698412698413 -0.0158730158730159 0.968253968253968
77.56 0.380952380952381 -0.0158730158730159 0.984126984126984
77.96 0.396825396825397 -0.0158730158730159 1
78.36 0.396825396825397 -0.0317460317460317 0.968253968253968
78.76 0.412698412698413 -0.0634920634920635 1
78.83 0.396825396825397 0.0476190476190476 0.984126984126984
78.86 0.396825396825397 -0.0634920634920635 1.03174603174603
78.9 0.412698412698413 0.0158730158730159 0.904761904761905
78.93 0.396825396825397 -0.0634920634920635 1.06349206349206
78.96 0.412698412698413 -0.0158730158730159 0.936507936507937
79.03 0.396825396825397 -0.0634920634920635 1.12698412698413
79.06 0.396825396825397 0.0158730158730159 0.841269841269841
79.1 0.396825396825397 -0.0634920634920635 1.06349206349206
79.13 0.412698412698413 -0.0317460317460317 1
79.16 0.380952380952381 0 0.888888888888889
79.2 0.412698412698413 -0.0793650793650794 1.12698412698413
79.23 0.412698412698413 0.0158730158730159 0.888888888888889
79.26 0.380952380952381 -0.0476190476190476 1
79.3 0.412698412698413 -0.0317460317460317 1.07936507936508
79.33 0.428571428571429 0 0.857142857142857
79.36 0.412698412698413 -0.0317460317460317 0.968253968253968
79.4 0.412698412698413 -0.0158730158730159 0.888888888888889
79.43 0.396825396825397 -0.0634920634920635 1.14285714285714
79.46 0.412698412698413 0.0158730158730159 0.841269841269841
79.5 0.396825396825397 -0.0317460317460317 1.03174603174603
79.56 0.396825396825397 0 0.841269841269841
79.6 0.380952380952381 -0.0476190476190476 1.11111111111111
79.63 0.412698412698413 0 0.936507936507937
79.7 0.380952380952381 -0.0634920634920635 1.07936507936508
79.73 0.412698412698413 0 0.857142857142857
79.76 0.396825396825397 -0.0634920634920635 1.04761904761905
79.83 0.412698412698413 -0.0158730158730159 0.888888888888889
79.9 0.380952380952381 -0.0317460317460317 0.968253968253968
79.93 0.396825396825397 -0.0476190476190476 1.0952380952381
79.96 0.412698412698413 0 0.841269841269841
80 0.380952380952381 -0.0634920634920635 1.06349206349206
80.03 0.396825396825397 -0.0158730158730159 0.984126984126984
80.06 0.396825396825397 -0.0158730158730159 0.888888888888889
80.1 0.412698412698413 -0.0634920634920635 1.14285714285714
80.13 0.412698412698413 0.0158730158730159 0.873015873015873
80.16 0.412698412698413 -0.0476190476190476 1.04761904761905
80.23 0.412698412698413 -0.0158730158730159 0.873015873015873
80.26 0.396825396825397 -0.0476190476190476 1.14285714285714
80.3 0.412698412698413 -0.0158730158730159 0.888888888888889
80.33 0.396825396825397 -0.0317460317460317 0.984126984126984
80.36 0.396825396825397 -0.0634920634920635 1.0952380952381
80.43 0.412698412698413 0 0.984126984126984
80.46 0.396825396825397 -0.0158730158730159 0.888888888888889
80.5 0.380952380952381 -0.0634920634920635 1.12698412698413
80.53 0.396825396825397 0 0.888888888888889
80.56 0.380952380952381 -0.0476190476190476 1
80.6 0.396825396825397 -0.0317460317460317 1.0952380952381
80.63 0.412698412698413 0.0317460317460317 0.873015873015873
80.66 0.396825396825397 -0.0634920634920635 1.0952380952381
80.7 0.428571428571429 0 0.936507936507937
80.76 0.412698412698413 -0.0476190476190476 1.0952380952381
80.8 0.412698412698413 0 0.857142857142857
80.83 0.380952380952381 -0.0476190476190476 1.07936507936508
80.86 0.428571428571429 0.0158730158730159 0.888888888888889
80.9 0.412698412698413 -0.0476190476190476 1.11111111111111
80.93 0.428571428571429 0 0.873015873015873
80.96 0.396825396825397 -0.0158730158730159 1
81 0.412698412698413 -0.0476190476190476 1.07936507936508
81.03 0.396825396825397 0 0.857142857142857
81.06 0.380952380952381 -0.0634920634920635 1.0952380952381
81.1 0.428571428571429 0 0.952380952380952
81.16 0.396825396825397 -0.0476190476190476 1.14285714285714
81.2 0.428571428571429 0 0.873015873015873
81.23 0.396825396825397 -0.0476190476190476 1.03174603174603
81.3 0.396825396825397 0 0.873015873015873
81.33 0.396825396825397 -0.0476190476190476 1.0952380952381
81.36 0.428571428571429 0.0158730158730159 0.873015873015873
81.4 0.396825396825397 -0.0317460317460317 1.0952380952381
81.43 0.412698412698413 -0.0158730158730159 0.857142857142857
81.46 0.380952380952381 -0.0634920634920635 1.0952380952381
81.5 0.412698412698413 -0.0317460317460317 0.984126984126984
81.53 0.396825396825397 0 0.888888888888889
81.56 0.396825396825397 -0.0634920634920635 1.0952380952381
81.6 0.412698412698413 0.0158730158730159 0.857142857142857
81.63 0.396825396825397 -0.0476190476190476 1.04761904761905
81.7 0.412698412698413 -0.0158730158730159 0.873015873015873
81.73 0.396825396825397 -0.0634920634920635 1.07936507936508
81.76 0.412698412698413 0 0.904761904761905
81.8 0.396825396825397 -0.0158730158730159 0.984126984126984
81.83 0.396825396825397 -0.0476190476190476 1.11111111111111
81.86 0.412698412698413 0.0158730158730159 0.841269841269841
81.9 0.412698412698413 -0.0634920634920635 1.07936507936508
81.93 0.396825396825397 -0.0476190476190476 0.904761904761905
81.96 0.412698412698413 -0.0634920634920635 1.14285714285714
82 0.412698412698413 0 0.873015873015873
82.03 0.380952380952381 -0.0476190476190476 1.01587301587302
82.1 0.396825396825397 -0.0317460317460317 0.873015873015873
82.13 0.396825396825397 -0.0634920634920635 1.11111111111111
82.16 0.412698412698413 0 0.904761904761905
82.2 0.380952380952381 -0.0158730158730159 0.968253968253968
82.23 0.412698412698413 -0.0158730158730159 1.07936507936508
82.26 0.412698412698413 0.0158730158730159 0.873015873015873
82.3 0.396825396825397 -0.0634920634920635 1.12698412698413
82.33 0.412698412698413 0 0.952380952380952
82.4 0.428571428571429 -0.0317460317460317 1.11111111111111
82.46 0.412698412698413 -0.0317460317460317 1.01587301587302
82.5 0.380952380952381 0.0158730158730159 0.888888888888889
82.53 0.412698412698413 -0.0634920634920635 1.11111111111111
82.56 0.396825396825397 0.0158730158730159 0.888888888888889
82.6 0.396825396825397 -0.0317460317460317 1.06349206349206
82.66 0.396825396825397 0 0.888888888888889
82.7 0.396825396825397 -0.0317460317460317 1.12698412698413
82.73 0.412698412698413 -0.0158730158730159 0.841269841269841
82.76 0.380952380952381 -0.0476190476190476 1.03174603174603
82.83 0.396825396825397 0 0.873015873015873
82.86 0.412698412698413 -0.0793650793650794 1.12698412698413
82.9 0.412698412698413 0.0158730158730159 0.841269841269841
82.93 0.412698412698413 0 1.03174603174603
82.96 0.396825396825397 -0.0158730158730159 0.857142857142857
83 0.396825396825397 -0.0634920634920635 1.11111111111111
83.03 0.412698412698413 -0.0158730158730159 0.873015873015873
83.06 0.380952380952381 -0.0317460317460317 1.01587301587302
83.13 0.396825396825397 0 0.873015873015873
83.16 0.412698412698413 -0.0952380952380952 1.11111111111111
83.2 0.396825396825397 0 0.888888888888889
83.23 0.396825396825397 -0.0317460317460317 1
83.26 0.428571428571429 -0.0158730158730159 1.07936507936508
83.3 0.412698412698413 0 0.825396825396825
83.33 0.412698412698413 -0.0634920634920635 1.12698412698413
83.36 0.412698412698413 0 0.888888888888889
83.4 0.380952380952381 -0.0317460317460317 0.968253968253968
83.43 0.412698412698413 0.0158730158730159 0.857142857142857
83.46 0.396825396825397 -0.0476190476190476 1.11111111111111
83.5 0.412698412698413 -0.0158730158730159 0.920634920634921
83.56 0.412698412698413 -0.0317460317460317 1.11111111111111
83.6 0.412698412698413 -0.0158730158730159 0.841269841269841
83.63 0.380952380952381 -0.0476190476190476 1.07936507936508
83.66 0.412698412698413 -0.0317460317460317 0.968253968253968
83.73 0.412698412698413 -0.0634920634920635 1.12698412698413
83.76 0.412698412698413 0.0158730158730159 0.841269841269841
83.8 0.396825396825397 -0.0317460317460317 1.04761904761905
83.86 0.396825396825397 -0.0158730158730159 0.904761904761905
83.9 0.396825396825397 -0.0793650793650794 1.12698412698413
83.93 0.380952380952381 -0.0317460317460317 1.03174603174603
84 0.396825396825397 0.0158730158730159 0.857142857142857
84.03 0.396825396825397 -0.0634920634920635 1.11111111111111
84.06 0.412698412698413 0 0.904761904761905
84.1 0.396825396825397 -0.0317460317460317 1
84.13 0.412698412698413 -0.0317460317460317 1.07936507936508
84.16 0.396825396825397 -0.0158730158730159 0.936507936507937
84.3 0.380952380952381 -0.0317460317460317 1
84.7 0.380952380952381 -0.0317460317460317 0.952380952380952
84.73 0.412698412698413 -0.0317460317460317 1.01587301587302
84.83 0.396825396825397 -0.0317460317460317 0.952380952380952
85.23 0.396825396825397 -0.0317460317460317 1
85.63 0.412698412698413 -0.0317460317460317 0.984126984126984
86.03 0.412698412698413 -0.0476190476190476 1
86.43 0.396825396825397 -0.0317460317460317 1.01587301587302
86.7 0.396825396825397 -0.0158730158730159 0.952380952380952
87.1 0.396825396825397 -0.0158730158730159 0.968253968253968
87.2 0.380952380952381 -0.0793650793650794 0.984126984126984
87.23 0.380952380952381 0.142857142857143 0.968253968253968
87.26 0.380952380952381 -0.174603174603175 1.01587301587302
87.3 0.396825396825397 -0.0317460317460317 1.04761904761905
87.36 0.396825396825397 -0.0317460317460317 0.968253968253968
87.4 0.396825396825397 -0.0317460317460317 0.904761904761905
87.43 0.412698412698413 0 0.968253968253968
87.46 0.412698412698413 0.0317460317460317 1.03174603174603
87.5 0.396825396825397 -0.0476190476190476 1.03174603174603
87.53 0.396825396825397 -0.0952380952380952 0.920634920634921
87.56 0.396825396825397 0 0.968253968253968
87.6 0.412698412698413 0.0158730158730159 1.04761904761905
87.63 0.380952380952381 -0.0476190476190476 1.01587301587302
87.66 0.412698412698413 -0.0317460317460317 0.920634920634921
87.7 0.396825396825397 -0.0317460317460317 1
87.76 0.412698412698413 -0.0158730158730159 0.920634920634921
87.8 0.412698412698413 0.0158730158730159 0.984126984126984
87.83 0.412698412698413 -0.0317460317460317 1.07936507936508
87.86 0.396825396825397 -0.0634920634920635 0.936507936507937
87.9 0.412698412698413 0.0317460317460317 0.920634920634921
87.93 0.412698412698413 0.0317460317460317 1.01587301587302
87.96 0.365079365079365 -0.0317460317460317 1.01587301587302
88.03 0.428571428571429 0 0.904761904761905
88.06 0.412698412698413 -0.0158730158730159 1.03174603174603
88.13 0.396825396825397 -0.0476190476190476 0.952380952380952
88.16 0.412698412698413 0.0476190476190476 0.984126984126984
88.2 0.396825396825397 0 1.04761904761905
88.23 0.396825396825397 -0.0634920634920635 0.968253968253968
88.26 0.396825396825397 -0.0317460317460317 0.904761904761905
88.3 0.396825396825397 -0.0158730158730159 1.03174603174603
88.36 0.412698412698413 -0.0317460317460317 0.936507936507937
88.43 0.396825396825397 -0.0476190476190476 1.06349206349206
88.46 0.412698412698413 -0.0634920634920635 1
88.53 0.412698412698413 -0.0476190476190476 0.904761904761905
88.56 0.396825396825397 0 1.03174603174603
88.63 0.412698412698413 -0.0317460317460317 0.936507936507937
88.7 0.380952380952381 -0.0317460317460317 1.04761904761905
88.73 0.380952380952381 -0.0793650793650794 0.968253968253968
88.76 0.412698412698413 0.0158730158730159 0.936507936507937
88.8 0.396825396825397 0.0158730158730159 1.04761904761905
88.83 0.396825396825397 -0.0634920634920635 1.04761904761905
88.86 0.380952380952381 -0.0793650793650794 0.952380952380952
88.9 0.412698412698413 0 0.952380952380952
88.93 0.396825396825397 0.0158730158730159 1.06349206349206
88.96 0.396825396825397 -0.0634920634920635 1
89.03 0.396825396825397 0.0158730158730159 0.920634920634921
89.06 0.396825396825397 0 1.03174603174603
89.1 0.380952380952381 -0.0634920634920635 1
89.13 0.412698412698413 -0.0476190476190476 0.936507936507937
89.16 0.396825396825397 0 1.01587301587302
89.26 0.396825396825397 -0.0158730158730159 0.936507936507937
89.3 0.396825396825397 -0.0158730158730159 1.03174603174603
89.36 0.396825396825397 0 0.920634920634921
89.4 0.396825396825397 0.0158730158730159 1.01587301587302
89.43 0.412698412698413 -0.0793650793650794 1.06349206349206
89.46 0.396825396825397 -0.0793650793650794 0.920634920634921
89.56 0.412698412698413 -0.0476190476190476 1.04761904761905
89.6 0.412698412698413 -0.0317460317460317 0.936507936507937
89.66 0.412698412698413 -0.0158730158730159 1.06349206349206
89.7 0.380952380952381 -0.0952380952380952 1
89.73 0.412698412698413 -0.0317460317460317 0.920634920634921
89.76 0.396825396825397 0.0158730158730159 1.01587301587302
89.83 0.396825396825397 -0.0793650793650794 0.920634920634921
89.9 0.412698412698413 0 1.03174603174603
89.96 0.412698412698413 0 0.936507936507937
90.03 0.412698412698413 0.0476190476190476 1.03174603174603
90.06 0.396825396825397 -0.0476190476190476 1.01587301587302
90.1 0.380952380952381 -0.0634920634920635 0.920634920634921
90.16 0.396825396825397 0 1.04761904761905
90.2 0.412698412698413 -0.0634920634920635 0.984126984126984
90.23 0.428571428571429 -0.0158730158730159 0.920634920634921
90.26 0.396825396825397 0.0158730158730159 1
90.3 0.412698412698413 -0.0793650793650794 1.01587301587302
90.33 0.412698412698413 -0.0476190476190476 0.936507936507937
90.36 0.396825396825397 0.0158730158730159 0.984126984126984
90.4 0.396825396825397 0.0158730158730159 1.06349206349206
90.43 0.396825396825397 -0.0634920634920635 0.968253968253968
90.46 0.396825396825397 -0.0634920634920635 0.904761904761905
90.5 0.412698412698413 0 0.952380952380952
90.53 0.412698412698413 -0.0317460317460317 1.01587301587302
90.6 0.412698412698413 -0.0317460317460317 0.888888888888889
90.63 0.396825396825397 0.0317460317460317 0.984126984126984
90.66 0.412698412698413 0 1.07936507936508
90.7 0.396825396825397 -0.0952380952380952 1
90.73 0.412698412698413 -0.0634920634920635 0.904761904761905
90.76 0.412698412698413 0 1
90.83 0.380952380952381 -0.0317460317460317 0.936507936507937
90.9 0.412698412698413 -0.0158730158730159 1.04761904761905
90.96 0.396825396825397 -0.0317460317460317 0.920634920634921
91 0.412698412698413 0.0317460317460317 0.984126984126984
91.06 0.380952380952381 -0.0158730158730159 1.04761904761905
91.1 0.412698412698413 -0.0476190476190476 0.952380952380952
91.16 0.396825396825397 -0.0317460317460317 1.03174603174603
91.23 0.412698412698413 0 0.920634920634921
91.26 0.412698412698413 0.0317460317460317 0.984126984126984
91.3 0.396825396825397 -0.0476190476190476 1.03174603174603
91.33 0.396825396825397 -0.0634920634920635 0.952380952380952
91.4 0.396825396825397 0 1.04761904761905
91.46 0.396825396825397 -0.0317460317460317 0.952380952380952
91.53 0.396825396825397 -0.0476190476190476 1.04761904761905
91.6 0.396825396825397 -0.0476190476190476 0.936507936507937
91.66 0.396825396825397 0.0158730158730159 1.06349206349206
91.7 0.412698412698413 -0.0476190476190476 0.968253968253968
91.73 0.412698412698413 -0.0158730158730159 0.904761904761905
91.76 0.396825396825397 -0.0317460317460317 1.03174603174603
91.83 0.396825396825397 -0.0317460317460317 0.936507936507937
91.86 0.412698412698413 0.0317460317460317 0.968253968253968
91.9 0.396825396825397 -0.0158730158730159 1.06349206349206
91.93 0.396825396825397 -0.0793650793650794 0.968253968253968
91.96 0.412698412698413 -0.0158730158730159 0.904761904761905
92 0.412698412698413 0.0158730158730159 0.984126984126984
92.03 0.380952380952381 -0.0158730158730159 1.07936507936508
92.06 0.396825396825397 -0.0317460317460317 0.968253968253968
92.13 0.412698412698413 0 1.04761904761905
92.16 0.396825396825397 -0.0793650793650794 1.06349206349206
92.2 0.412698412698413 -0.0317460317460317 0.936507936507937
92.26 0.396825396825397 -0.0158730158730159 1.06349206349206
92.3 0.412698412698413 -0.0793650793650794 0.984126984126984
92.36 0.412698412698413 0 0.984126984126984
92.43 0.412698412698413 -0.0158730158730159 0.920634920634921
92.5 0.412698412698413 -0.0476190476190476 1.06349206349206
92.53 0.396825396825397 -0.0793650793650794 0.952380952380952
92.63 0.396825396825397 -0.0158730158730159 1.04761904761905
92.73 0.380952380952381 0.0634920634920635 0.952380952380952
92.76 0.412698412698413 -0.0476190476190476 0.984126984126984
93.16 0.380952380952381 -0.0317460317460317 0.984126984126984
93.56 0.412698412698413 -0.0317460317460317 0.984126984126984
93.96 0.412698412698413 -0.0317460317460317 0.984126984126984
94.36 0.412698412698413 -0.0476190476190476 1
94.76 0.396825396825397 -0.0476190476190476 1
95.16 0.412698412698413 -0.0476190476190476 0.984126984126984
95.56 0.412698412698413 -0.0158730158730159 0.968253968253968
95.7 0.412698412698413 0.0952380952380952 1.01587301587302
95.73 0.396825396825397 -0.285714285714286 0.968253968253968
95.76 0.349206349206349 0.0952380952380952 0.888888888888889
95.83 0.396825396825397 0.0634920634920635 0.952380952380952
95.86 0.412698412698413 -0.0158730158730159 1.03174603174603
95.9 0.428571428571429 -0.0317460317460317 1.0952380952381
95.96 0.428571428571429 -0.111111111111111 1.11111111111111
96.03 0.412698412698413 -0.111111111111111 1.01587301587302
96.1 0.412698412698413 -0.0317460317460317 1.06349206349206
96.13 0.428571428571429 -0.111111111111111 1.06349206349206
96.3 0.412698412698413 -0.0952380952380952 0.952380952380952
96.36 0.365079365079365 0 0.857142857142857
96.4 0.380952380952381 0.0634920634920635 0.873015873015873
96.5 0.412698412698413 0.0634920634920635 0.936507936507937
96.53 0.428571428571429 0 0.984126984126984
96.56 0.412698412698413 -0.0317460317460317 0.904761904761905
96.63 0.380952380952381 0.0634920634920635 0.888888888888889
96.76 0.396825396825397 0 1.01587301587302
96.83 0.444444444444444 -0.0634920634920635 1.06349206349206
96.96 0.396825396825397 -0.111111111111111 1
97 0.396825396825397 -0.111111111111111 0.936507936507937
97.03 0.365079365079365 -0.0317460317460317 0.904761904761905
97.06 0.365079365079365 0.0317460317460317 0.873015873015873
97.1 0.444444444444444 -0.111111111111111 1.0952380952381
97.2 0.396825396825397 -0.0952380952380952 1
97.26 0.365079365079365 -0.0476190476190476 0.888888888888889
97.3 0.380952380952381 0.0476190476190476 0.873015873015873
97.36 0.380952380952381 0.111111111111111 0.873015873015873
97.43 0.412698412698413 0 0.968253968253968
97.46 0.428571428571429 -0.0317460317460317 1.04761904761905
97.53 0.46031746031746 -0.0793650793650794 1.11111111111111
97.56 0.46031746031746 -0.111111111111111 1.04761904761905
97.6 0.428571428571429 0.0952380952380952 0.920634920634921
97.66 0.412698412698413 0.0158730158730159 0.984126984126984
97.7 0.412698412698413 -0.0634920634920635 1.04761904761905
97.86 0.396825396825397 -0.0952380952380952 0.984126984126984
97.9 0.380952380952381 -0.0634920634920635 0.904761904761905
97.93 0.365079365079365 0.0158730158730159 0.873015873015873
97.96 0.365079365079365 0.0793650793650794 0.873015873015873
98.06 0.412698412698413 0.0476190476190476 0.968253968253968
98.1 0.396825396825397 -0.0476190476190476 0.952380952380952
98.16 0.365079365079365 0.0317460317460317 0.857142857142857
98.2 0.380952380952381 0.0952380952380952 0.904761904761905
98.26 0.412698412698413 0.0317460317460317 0.968253968253968
98.3 0.412698412698413 -0.0317460317460317 1.01587301587302
98.33 0.428571428571429 -0.0952380952380952 1.06349206349206
98.46 0.396825396825397 -0.0793650793650794 1
98.5 0.396825396825397 -0.0634920634920635 0.936507936507937
98.53 0.365079365079365 -0.0317460317460317 0.873015873015873
98.56 0.380952380952381 0.0476190476190476 0.857142857142857
98.63 0.396825396825397 0.0952380952380952 0.920634920634921
98.66 0.412698412698413 -0.0634920634920635 0.968253968253968
98.73 0.380952380952381 0.0158730158730159 0.920634920634921
98.8 0.380952380952381 0.0793650793650794 0.936507936507937
98.86 0.396825396825397 0.0158730158730159 1.01587301587302
98.9 0.396825396825397 -0.0476190476190476 1.07936507936508
98.93 0.428571428571429 -0.126984126984127 1.06349206349206
99.03 0.412698412698413 -0.0793650793650794 1
99.06 0.412698412698413 -0.0317460317460317 0.936507936507937
99.16 0.365079365079365 0.0634920634920635 1.03174603174603
99.2 0.412698412698413 -0.111111111111111 1.03174603174603
99.23 0.412698412698413 -0.0634920634920635 0.952380952380952
99.26 0.396825396825397 0 0.920634920634921
99.3 0.396825396825397 0.0634920634920635 0.920634920634921
99.4 0.396825396825397 0.0476190476190476 0.984126984126984
99.43 0.396825396825397 0.0158730158730159 1.04761904761905
99.5 0.396825396825397 -0.111111111111111 1.06349206349206
99.6 0.412698412698413 -0.0952380952380952 0.984126984126984
99.63 0.396825396825397 -0.0158730158730159 0.936507936507937
99.66 0.428571428571429 -0.0634920634920635 1.07936507936508
99.73 0.380952380952381 -0.126984126984127 1.04761904761905
99.76 0.396825396825397 -0.111111111111111 0.984126984126984
99.83 0.380952380952381 0.0158730158730159 0.888888888888889
99.86 0.380952380952381 0.0952380952380952 0.904761904761905
100 0.428571428571429 0 1.04761904761905
100.03 0.444444444444444 -0.0476190476190476 1.11111111111111
100.1 0.412698412698413 -0.126984126984127 1.07936507936508
100.13 0.380952380952381 -0.0952380952380952 0.984126984126984
100.16 0.380952380952381 0 1.01587301587302
100.2 0.428571428571429 -0.0793650793650794 1.07936507936508
100.33 0.396825396825397 -0.0952380952380952 0.984126984126984
100.36 0.380952380952381 -0.0476190476190476 0.904761904761905
100.43 0.380952380952381 0.0952380952380952 0.888888888888889
100.53 0.412698412698413 0.0158730158730159 0.968253968253968
100.56 0.412698412698413 -0.0476190476190476 1.03174603174603
100.6 0.428571428571429 -0.0793650793650794 1.0952380952381
100.66 0.380952380952381 0.0952380952380952 0.920634920634921
100.73 0.412698412698413 0.0158730158730159 1
100.76 0.412698412698413 -0.0634920634920635 1.04761904761905
100.8 0.428571428571429 -0.126984126984127 1.0952380952381
100.9 0.412698412698413 -0.0952380952380952 1
100.96 0.396825396825397 -0.0476190476190476 0.904761904761905
101 0.380952380952381 0.0317460317460317 0.904761904761905
101.06 0.380952380952381 0.0952380952380952 0.920634920634921
101.13 0.428571428571429 -0.0158730158730159 1
101.16 0.428571428571429 -0.0793650793650794 1.07936507936508
101.2 0.444444444444444 0.0476190476190476 0.920634920634921
101.23 0.412698412698413 0.126984126984127 0.952380952380952
101.26 0.412698412698413 0.0317460317460317 0.968253968253968
101.36 0.396825396825397 -0.0317460317460317 1.03174603174603
101.4 0.396825396825397 -0.0317460317460317 0.952380952380952
101.8 0.396825396825397 -0.0158730158730159 1
102.2 0.396825396825397 -0.0158730158730159 0.968253968253968
102.6 0.412698412698413 -0.0158730158730159 0.984126984126984
103 0.412698412698413 -0.0158730158730159 1
103.4 0.412698412698413 -0.0317460317460317 0.984126984126984
103.96 0.412698412698413 -0.0317460317460317 0.984126984126984
104.16 0.285714285714286 0.349206349206349 0.952380952380952
104.2 0.253968253968254 0.587301587301587 1.06349206349206
104.23 0.365079365079365 0.365079365079365 0.507936507936508
104.26 0.349206349206349 0.365079365079365 0.428571428571429
104.3 0.396825396825397 0.46031746031746 0.333333333333333
104.33 0.365079365079365 -0.222222222222222 2.01587301587302
104.36 0.317460317460317 -0.174603174603175 1.85714285714286
104.4 0.349206349206349 -0.0793650793650794 1.36507936507937
104.43 0.365079365079365 0.0476190476190476 0.825396825396825
104.46 0.412698412698413 0.158730158730159 0.428571428571429
104.5 0.380952380952381 0.317460317460317 0.253968253968254
104.53 0.380952380952381 0.444444444444444 0.206349206349206
104.56 0.428571428571429 0.380952380952381 0.476190476190476
104.6 0.46031746031746 0.0952380952380952 0.936507936507937
104.63 0.46031746031746 -0.19047619047619 1.3968253968254
104.66 0.428571428571429 -0.365079365079365 1.6984126984127
104.7 0.412698412698413 -0.317460317460317 1.95238095238095
104.73 0.349206349206349 -0.222222222222222 2.01587301587302
104.76 0.333333333333333 -0.19047619047619 1.76190476190476
104.8 0.349206349206349 -0.0476190476190476 1.12698412698413
104.83 0.412698412698413 -0.285714285714286 1.57142857142857
104.86 0.380952380952381 -0.46031746031746 1.93650793650794
104.9 0.365079365079365 -0.46031746031746 2.01587301587302
104.93 0.333333333333333 -0.285714285714286 2
104.96 0.333333333333333 -0.0476190476190476 1.53968253968254
105 0.396825396825397 0.142857142857143 0.873015873015873
105.03 0.46031746031746 0.253968253968254 0.253968253968254
105.06 0.492063492063492 0.317460317460317 -0.0952380952380952
105.13 0.444444444444444 0.285714285714286 0.253968253968254
105.16 0.428571428571429 0.0158730158730159 0.968253968253968
105.2 0.380952380952381 -0.301587301587302 1.63492063492063
105.23 0.396825396825397 -0.46031746031746 1.95238095238095
105.26 0.349206349206349 -0.46031746031746 2.01587301587302
105.3 0.349206349206349 -0.26984126984127 1.82539682539683
105.33 0.507936507936508 0.0634920634920635 0.650793650793651
105.36 0.412698412698413 -0.111111111111111 1.23809523809524
105.4 0.365079365079365 -0.301587301587302 1.66666666666667
105.43 0.333333333333333 -0.444444444444444 1.71428571428571
105.46 0.301587301587302 -0.333333333333333 1.52380952380952
105.5 0.317460317460317 -0.0158730158730159 1.15873015873016
105.53 0.396825396825397 0.222222222222222 0.714285714285714
105.56 0.46031746031746 0.380952380952381 0.301587301587302
105.6 0.53968253968254 0.349206349206349 0.0952380952380952
105.63 0.571428571428571 0.253968253968254 0.238095238095238
105.66 0.53968253968254 0.111111111111111 0.571428571428571
105.7 0.444444444444444 -0.0793650793650794 1.06349206349206
105.73 0.380952380952381 -0.158730158730159 1.50793650793651
105.76 0.333333333333333 -0.396825396825397 1.74603174603175
105.8 0.285714285714286 -0.380952380952381 0.698412698412698
105.83 0.317460317460317 -0.126984126984127 1.17460317460317
105.86 0.428571428571429 -0.285714285714286 1.55555555555556
105.9 0.396825396825397 -0.301587301587302 1.87301587301587
105.93 0.349206349206349 -0.26984126984127 1.93650793650794
105.96 0.333333333333333 -0.19047619047619 1.6031746031746
106 0.349206349206349 -0.0317460317460317 0.952380952380952
106.03 0.428571428571429 0.126984126984127 0.46031746031746
106.06 0.412698412698413 0.333333333333333 0.238095238095238
106.1 0.396825396825397 0.444444444444444 0.253968253968254
106.13 0.444444444444444 0.301587301587302 0.666666666666667
106.16 0.46031746031746 -0.0793650793650794 1.31746031746032
106.2 0.412698412698413 -0.365079365079365 1.77777777777778
106.23 0.396825396825397 -0.365079365079365 2.01587301587302
106.26 0.349206349206349 -0.301587301587302 2.01587301587302
106.3 0.333333333333333 -0.111111111111111 1.6031746031746
106.33 0.396825396825397 0.0634920634920635 0.857142857142857
106.36 0.365079365079365 -0.349206349206349 1.66666666666667
106.4 0.380952380952381 -0.492063492063492 1.95238095238095
106.43 0.317460317460317 -0.380952380952381 1.80952380952381
106.46 0.333333333333333 -0.0952380952380952 1.36507936507937
106.5 0.412698412698413 0.222222222222222 0.73015873015873
106.53 0.507936507936508 0.333333333333333 0.206349206349206
106.56 0.555555555555556 0.365079365079365 -0.0793650793650794
106.6 0.555555555555556 0.285714285714286 0
106.63 0.492063492063492 0.0952380952380952 0.555555555555556
106.66 0.412698412698413 -0.0793650793650794 1.19047619047619
106.7 0.365079365079365 -0.317460317460317 1.68253968253968
106.73 0.333333333333333 -0.444444444444444 1.76190476190476
106.76 0.317460317460317 -0.285714285714286 1.46031746031746
106.8 0.333333333333333 0.0793650793650794 1.01587301587302
106.83 0.428571428571429 0.317460317460317 0.492063492063492
106.86 0.507936507936508 0.333333333333333 1.85714285714286
106.9 0.333333333333333 -0.238095238095238 1.58730158730159
106.93 0.333333333333333 -0.0634920634920635 1.03174603174603
106.96 0.412698412698413 0.142857142857143 0.523809523809524
107 0.396825396825397 0.365079365079365 0.26984126984127
107.03 0.412698412698413 0.46031746031746 0.365079365079365
107.06 0.444444444444444 0.174603174603175 0.825396825396825
107.1 0.444444444444444 -0.19047619047619 1.42857142857143
107.13 0.396825396825397 -0.380952380952381 1.79365079365079
107.16 0.380952380952381 -0.349206349206349 2.01587301587302
107.2 0.301587301587302 -0.222222222222222 1.9047619047619
107.23 0.365079365079365 -0.0634920634920635 1.23809523809524
107.26 0.428571428571429 0.158730158730159 0.523809523809524
107.3 0.492063492063492 0.26984126984127 0.0634920634920635
107.33 0.444444444444444 0.380952380952381 0.0158730158730159
107.36 0.412698412698413 0.301587301587302 0.412698412698413
107.4 0.380952380952381 0.142857142857143 0.904761904761905
107.43 0.476190476190476 0.317460317460317 0.301587301587302
107.46 0.53968253968254 0.349206349206349 -0.0476190476190476
107.53 0.523809523809524 0.126984126984127 0.492063492063492
107.56 0.428571428571429 -0.0952380952380952 1.14285714285714
107.6 0.365079365079365 -0.285714285714286 1.68253968253968
107.63 0.317460317460317 -0.444444444444444 1.6984126984127
107.66 0.317460317460317 -0.26984126984127 1.34920634920635
107.7 0.333333333333333 0.126984126984127 0.952380952380952
107.73 0.444444444444444 0.333333333333333 0.476190476190476
107.76 0.492063492063492 0.396825396825397 0.222222222222222
107.8 0.571428571428571 0.253968253968254 0.396825396825397
107.83 0.53968253968254 0.0634920634920635 0.793650793650794
107.86 0.46031746031746 -0.126984126984127 1.28571428571429
107.9 0.396825396825397 0.380952380952381 0.158730158730159
107.93 0.428571428571429 0.396825396825397 0.365079365079365
107.96 0.428571428571429 0.126984126984127 0.936507936507937
108 0.428571428571429 -0.238095238095238 1.6031746031746
108.03 0.396825396825397 -0.428571428571429 1.98412698412698
108.1 0.333333333333333 -0.174603174603175 1.71428571428571
108.13 0.396825396825397 0.0793650793650794 0.952380952380952
108.16 0.476190476190476 0.238095238095238 0.26984126984127
108.2 0.507936507936508 0.317460317460317 -0.0793650793650794
108.23 0.46031746031746 0.333333333333333 0.0476190476190476
108.26 0.412698412698413 0.206349206349206 0.619047619047619
108.3 0.396825396825397 -0.174603174603175 1.41269841269841
108.33 0.380952380952381 -0.46031746031746 1.92063492063492
108.36 0.587301587301587 0.317460317460317 0.158730158730159
108.4 0.555555555555556 0.174603174603175 0.444444444444444
108.43 0.46031746031746 -0.0634920634920635 1.07936507936508
108.46 0.380952380952381 -0.206349206349206 1.55555555555556
108.5 0.349206349206349 -0.365079365079365 1.71428571428571
108.53 0.301587301587302 -0.285714285714286 1.36507936507937
108.56 0.365079365079365 -0.0158730158730159 0.873015873015873
108.6 0.380952380952381 0.317460317460317 0.523809523809524
108.63 0.428571428571429 0.428571428571429 0.317460317460317
108.66 0.492063492063492 0.301587301587302 0.587301587301587
108.7 0.492063492063492 -0.0317460317460317 1.0952380952381
108.73 0.428571428571429 -0.238095238095238 1.50793650793651
108.76 0.365079365079365 -0.285714285714286 1.82539682539683
108.83 0.333333333333333 -0.126984126984127 1.3015873015873
108.86 0.380952380952381 0.111111111111111 0.619047619047619
108.9 0.412698412698413 0.253968253968254 0.253968253968254
108.93 0.365079365079365 -0.46031746031746 2.01587301587302
108.96 0.349206349206349 -0.174603174603175 1.65079365079365
109 0.396825396825397 0.158730158730159 0.841269841269841
109.03 0.507936507936508 0.301587301587302 0.238095238095238
109.06 0.555555555555556 0.301587301587302 -0.142857142857143
109.1 0.53968253968254 0.285714285714286 -0.0158730158730159
109.13 0.476190476190476 0.111111111111111 0.634920634920635
109.16 0.396825396825397 -0.142857142857143 1.34920634920635
109.2 0.365079365079365 -0.428571428571429 1.80952380952381
109.23 0.333333333333333 -0.492063492063492 1.77777777777778
109.26 0.301587301587302 -0.158730158730159 1.36507936507937
109.3 0.412698412698413 0.174603174603175 0.761904761904762
109.33 0.46031746031746 0.365079365079365 0.285714285714286
109.36 0.555555555555556 0.333333333333333 0.111111111111111
109.4 0.555555555555556 0.253968253968254 0.333333333333333
109.43 0.492063492063492 0 0.841269841269841
109.46 0.396825396825397 0.317460317460317 0.317460317460317
109.5 0.412698412698413 0.444444444444444 0.285714285714286
109.53 0.428571428571429 0.285714285714286 0.73015873015873
109.56 0.46031746031746 -0.111111111111111 1.36507936507937
109.6 0.396825396825397 -0.365079365079365 1.79365079365079
109.63 0.380952380952381 -0.333333333333333 2.01587301587302
109.66 0.317460317460317 -0.206349206349206 1.85714285714286
109.7 0.365079365079365 -0.0317460317460317 1.17460317460317
109.73 0.444444444444444 0.158730158730159 0.428571428571429
109.76 0.476190476190476 0.285714285714286 0.0317460317460317
109.8 0.507936507936508 -0.301587301587302 1.26984126984127
109.83 0.444444444444444 -0.0158730158730159 0.968253968253968
110.23 0.396825396825397 -0.0158730158730159 0.984126984126984
110.63 0.412698412698413 0 1
111.03 0.412698412698413 -0.0317460317460317 0.984126984126984
111.43 0.428571428571429 0 0.984126984126984
111.83 0.428571428571429 -0.0158730158730159 0.968253968253968
112.23 0.412698412698413 -0.0158730158730159 0.984126984126984
112.63 0.412698412698413 -0.0317460317460317 0.984126984126984
112.66 0.428571428571429 0.0317460317460317 0.952380952380952
112.7 0.365079365079365 -0.111111111111111 1.15873015873016
112.73 0.158730158730159 -0.333333333333333 1.19047619047619
112.76 0.650793650793651 0.380952380952381 0.492063492063492
112.8 0.0158730158730159 0.0476190476190476 1.71428571428571
112.83 0.682539682539683 -0.412698412698413 -0.0158730158730159
112.86 0.396825396825397 0.349206349206349 1.46031746031746
112.9 0.333333333333333 -0.523809523809524 1.12698412698413
112.93 0.793650793650794 0.0476190476190476 0.714285714285714
112.96 0.0793650793650794 0.0317460317460317 2.01587301587302
113 0.746031746031746 -0.26984126984127 0.380952380952381
113.03 0.26984126984127 0.523809523809524 1.74603174603175
113.06 0.333333333333333 -0.412698412698413 0.841269841269841
113.1 0.698412698412698 0.333333333333333 0.365079365079365
113.13 0.714285714285714 -0.412698412698413 0.142857142857143
113.16 0.365079365079365 0.285714285714286 1.55555555555556
113.2 0.412698412698413 -0.53968253968254 1.07936507936508
113.23 0.746031746031746 0.19047619047619 0.888888888888889
113.26 0.0793650793650794 -0.0634920634920635 2.01587301587302
113.3 0.793650793650794 -0.174603174603175 0.222222222222222
113.33 0.111111111111111 0.476190476190476 1.92063492063492
113.36 0.53968253968254 -0.412698412698413 0.142857142857143
113.4 0.507936507936508 0.476190476190476 0.952380952380952
113.43 0.19047619047619 -0.333333333333333 0.873015873015873
113.46 0.698412698412698 0.142857142857143 0.396825396825397
113.5 0.0793650793650794 -0.111111111111111 1.71428571428571
113.53 0.793650793650794 -0.26984126984127 0.301587301587302
113.56 0.206349206349206 0.238095238095238 1.93650793650794
113.6 0.650793650793651 -0.492063492063492 0.603174603174603
113.63 0.380952380952381 0.396825396825397 1.58730158730159
113.66 0.365079365079365 -0.396825396825397 0.238095238095238
113.7 0.0158730158730159 0 1.61904761904762
113.73 0.746031746031746 -0.126984126984127 0.0634920634920635
113.76 0.142857142857143 0.0952380952380952 1.82539682539683
113.8 0.73015873015873 -0.444444444444444 0.253968253968254
113.83 0.26984126984127 0.333333333333333 1.87301587301587
113.86 0.634920634920635 -0.523809523809524 0.682539682539683
113.9 0.396825396825397 0.380952380952381 1.61904761904762
113.93 0.444444444444444 -0.396825396825397 0.80952380952381
113.96 0.476190476190476 0.555555555555556 1.20634920634921
114 0.301587301587302 -0.492063492063492 0.777777777777778
114.03 0.587301587301587 0.428571428571429 0.698412698412698
114.06 0.206349206349206 -0.253968253968254 0.936507936507937
114.1 0.650793650793651 0.222222222222222 0.619047619047619
114.13 0.174603174603175 -0.380952380952381 1.34920634920635
114.16 0.746031746031746 0.0793650793650794 0.682539682539683
114.2 0.793650793650794 -0.253968253968254 0.206349206349206
114.23 0.0793650793650794 0.476190476190476 1.88888888888889
114.26 0.714285714285714 -0.301587301587302 -0.0793650793650794
114.3 0.111111111111111 0.444444444444444 1.6984126984127
114.33 0.587301587301587 -0.412698412698413 -0.0634920634920635
114.36 0.19047619047619 0.333333333333333 1.52380952380952
114.4 0.603174603174603 -0.523809523809524 0.238095238095238
114.43 0.333333333333333 0.285714285714286 1.66666666666667
114.46 0.650793650793651 -0.53968253968254 0.523809523809524
114.5 0.396825396825397 0.396825396825397 1.76190476190476
114.53 0.523809523809524 -0.507936507936508 0.80952380952381
114.56 0.380952380952381 0.46031746031746 1.61904761904762
114.6 0.476190476190476 -0.444444444444444 0.53968253968254
114.63 0.365079365079365 0.587301587301587 1.22222222222222
114.66 0.380952380952381 -0.444444444444444 0.650793650793651
114.7 0.444444444444444 0.492063492063492 1.49206349206349
114.73 0.777777777777778 0.0634920634920635 0.777777777777778
114.76 0.174603174603175 -0.238095238095238 1.87301587301587
114.8 0.857142857142857 0.0634920634920635 0.587301587301587
114.83 0.0634920634920635 0.0317460317460317 2.01587301587302
114.86 0.80952380952381 0 0.19047619047619
114.9 0 0.253968253968254 1.85714285714286
114.93 0.714285714285714 -0.0476190476190476 -0.0317460317460317
114.96 0 0.206349206349206 1.65079365079365
115 0.682539682539683 -0.253968253968254 -0.0317460317460317
115.03 0.126984126984127 0.126984126984127 1.71428571428571
115.06 0.746031746031746 -0.349206349206349 0.238095238095238
115.1 0.238095238095238 0.206349206349206 1.88888888888889
115.13 0.777777777777778 -0.46031746031746 0.507936507936508
115.16 0.238095238095238 0.365079365079365 1.98412698412698
115.2 0.650793650793651 -0.396825396825397 0.444444444444444
115.23 0.206349206349206 -0.412698412698413 0.492063492063492
115.26 0.476190476190476 0.412698412698413 0.873015873015873
115.3 0.333333333333333 -0.523809523809524 0.746031746031746
115.33 0.587301587301587 0.253968253968254 1.04761904761905
115.36 0.333333333333333 -0.507936507936508 1.28571428571429
115.4 0.714285714285714 0.238095238095238 1.0952380952381
115.43 0.253968253968254 -0.428571428571429 1.61904761904762
115.46 0.746031746031746 0.253968253968254 0.73015873015873
115.5 0.111111111111111 -0.126984126984127 1.6031746031746
115.53 0.761904761904762 0.301587301587302 0.349206349206349
115.56 0.0634920634920635 -0.158730158730159 1.41269841269841
115.6 0.682539682539683 0.19047619047619 0.174603174603175
115.63 0.0793650793650794 -0.126984126984127 1.34920634920635
115.66 0.682539682539683 0.0634920634920635 0.349206349206349
115.7 0.126984126984127 -0.174603174603175 1.61904761904762
115.73 0.80952380952381 -0.0634920634920635 0.587301587301587
115.76 0.73015873015873 -0.349206349206349 0.174603174603175
115.8 0.0634920634920635 0.507936507936508 1.80952380952381
115.83 0.666666666666667 -0.365079365079365 -0.126984126984127
115.86 0.158730158730159 0.444444444444444 1.52380952380952
115.9 0.587301587301587 -0.492063492063492 -0.0476190476190476
115.93 0.222222222222222 0.333333333333333 1.50793650793651
115.96 0.603174603174603 -0.571428571428571 0.333333333333333
116 0.365079365079365 0.333333333333333 1.6984126984127
116.03 0.682539682539683 -0.555555555555556 0.587301587301587
116.06 0.349206349206349 0.412698412698413 1.85714285714286
116.1 0.587301587301587 -0.46031746031746 0.666666666666667
116.13 0.285714285714286 0.507936507936508 1.77777777777778
116.16 0.555555555555556 -0.492063492063492 0.285714285714286
116.2 0.238095238095238 0.587301587301587 1.41269841269841
116.23 0.523809523809524 -0.444444444444444 0.111111111111111
116.26 0.253968253968254 0.46031746031746 1.26984126984127
116.3 0.682539682539683 0.285714285714286 1.20634920634921
116.33 0.333333333333333 -0.523809523809524 1.41269841269841
116.36 0.682539682539683 0.365079365079365 1.0952380952381
116.4 0.222222222222222 -0.349206349206349 1.20634920634921
116.43 0.619047619047619 0.46031746031746 0.825396825396825
116.46 0.238095238095238 -0.396825396825397 0.888888888888889
116.5 0.555555555555556 0.46031746031746 0.650793650793651
116.53 0.301587301587302 -0.46031746031746 0.650793650793651
116.56 0.492063492063492 0.365079365079365 0.920634920634921
116.6 0.365079365079365 -0.53968253968254 0.80952380952381
116.63 0.571428571428571 0.285714285714286 1.19047619047619
116.66 0.396825396825397 -0.53968253968254 1.15873015873016
116.7 0.650793650793651 0.365079365079365 1.28571428571429
116.73 0.333333333333333 -0.492063492063492 1.28571428571429
116.76 0.603174603174603 0.428571428571429 1.19047619047619
116.8 0.301587301587302 -0.412698412698413 0.873015873015873
116.83 0.111111111111111 -0.26984126984127 1.25396825396825
116.86 0.666666666666667 0.142857142857143 0.587301587301587
116.9 0.222222222222222 -0.349206349206349 1.44444444444444
116.93 0.73015873015873 0.126984126984127 0.936507936507937
116.96 0.253968253968254 -0.380952380952381 1.65079365079365
117 0.777777777777778 0.238095238095238 0.873015873015873
117.03 0.174603174603175 -0.301587301587302 1.50793650793651
117.06 0.714285714285714 0.365079365079365 0.682539682539683
117.1 0.158730158730159 -0.317460317460317 1.12698412698413
117.13 0.603174603174603 0.396825396825397 0.523809523809524
117.16 0.238095238095238 -0.412698412698413 0.80952380952381
117.2 0.492063492063492 0.396825396825397 0.825396825396825
117.23 0.396825396825397 -0.555555555555556 0.714285714285714
117.26 0.523809523809524 0.349206349206349 1.23809523809524
117.3 0.492063492063492 -0.603174603174603 1
117.33 0.111111111111111 -0.222222222222222 1.41269841269841
117.36 0.682539682539683 0.428571428571429 0.507936507936508
117.4 0.222222222222222 -0.396825396825397 0.857142857142857
117.43 0.507936507936508 0.444444444444444 0.714285714285714
117.46 0.349206349206349 -0.507936507936508 0.571428571428571
117.5 0.444444444444444 0.396825396825397 1.06349206349206
117.53 0.476190476190476 -0.571428571428571 0.698412698412698
117.56 0.46031746031746 0.333333333333333 1.50793650793651
117.6 0.587301587301587 -0.603174603174603 0.80952380952381
117.63 0.349206349206349 0.428571428571429 1.79365079365079
117.66 0.587301587301587 -0.476190476190476 0.53968253968254
117.7 0.222222222222222 0.507936507936508 1.73015873015873
117.73 0.666666666666667 -0.412698412698413 0
117.76 0.0634920634920635 0.46031746031746 1.6984126984127
117.8 0.650793650793651 -0.317460317460317 -0.126984126984127
117.83 0.603174603174603 -0.603174603174603 0.650793650793651
117.86 0.349206349206349 0.365079365079365 1.79365079365079
117.9 0.698412698412698 -0.492063492063492 0.619047619047619
117.93 0.222222222222222 0.365079365079365 1.98412698412698
117.96 0.73015873015873 -0.301587301587302 0.174603174603175
118 0.0634920634920635 0.46031746031746 1.87301587301587
118.03 0.746031746031746 -0.206349206349206 -0.0952380952380952
118.06 0.0317460317460317 0.26984126984127 1.71428571428571
118.1 0.682539682539683 -0.142857142857143 -0.0476190476190476
118.13 0.0634920634920635 0 1.65079365079365
118.16 0.746031746031746 -0.0476190476190476 0.412698412698413
118.2 0.142857142857143 -0.222222222222222 1.74603174603175
118.23 0.825396825396825 0.0634920634920635 0.746031746031746
118.26 0.206349206349206 -0.365079365079365 1.79365079365079
118.3 0.476190476190476 0.206349206349206 1.22222222222222
118.33 0.444444444444444 0.0158730158730159 1.03174603174603
118.36 0.365079365079365 -0.0317460317460317 0.904761904761905
118.43 0.428571428571429 -0.0158730158730159 0.984126984126984
118.83 0.428571428571429 -0.0317460317460317 0.968253968253968
119.23 0.428571428571429 -0.0317460317460317 0.952380952380952
119.3 0.428571428571429 -0.0158730158730159 1.01587301587302
119.56 0.412698412698413 -0.0158730158730159 0.952380952380952
119.96 0.444444444444444 -0.0317460317460317 0.984126984126984
120.36 0.428571428571429 -0.0317460317460317 0.984126984126984
120.76 0.444444444444444 -0.0158730158730159 0.952380952380952
121.13 0.396825396825397 -0.0952380952380952 0.968253968253968
121.16 0.365079365079365 -0.0634920634920635 0.746031746031746
121.2 0.428571428571429 -0.428571428571429 1.33333333333333
121.23 0.444444444444444 0.142857142857143 0.825396825396825
121.26 0.412698412698413 0.238095238095238 0.444444444444444
121.3 0.428571428571429 -0.238095238095238 1.26984126984127
121.36 0.428571428571429 0.19047619047619 0.619047619047619
121.4 0.412698412698413 0.0634920634920635 0.825396825396825
121.43 0.396825396825397 -0.333333333333333 1.41269841269841
121.46 0.396825396825397 -0.174603174603175 1.31746031746032
121.5 0.46031746031746 -0.222222222222222 1.3968253968254
121.53 0.46031746031746 0.238095238095238 0.53968253968254
121.56 0.396825396825397 0.111111111111111 0.698412698412698
121.6 0.444444444444444 -0.317460317460317 1.42857142857143
121.63 0.444444444444444 -0.0317460317460317 0.920634920634921
121.66 0.428571428571429 0.222222222222222 0.571428571428571
121.7 0.412698412698413 -0.0952380952380952 1.26984126984127
121.73 0.412698412698413 -0.253968253968254 1.34920634920635
121.76 0.507936507936508 0.253968253968254 0.507936507936508
121.8 0.444444444444444 0.174603174603175 0.777777777777778
121.83 0.365079365079365 -0.333333333333333 1.55555555555556
121.86 0.46031746031746 -0.0317460317460317 1.14285714285714
121.9 0.476190476190476 0.285714285714286 0.444444444444444
121.93 0.428571428571429 -0.0476190476190476 0.952380952380952
121.96 0.412698412698413 0.158730158730159 0.682539682539683
122 0.396825396825397 -0.253968253968254 1.49206349206349
122.03 0.444444444444444 -0.126984126984127 1.12698412698413
122.06 0.523809523809524 0.333333333333333 0.476190476190476
122.1 0.412698412698413 0 0.968253968253968
122.13 0.396825396825397 -0.365079365079365 1.52380952380952
122.16 0.46031746031746 0.126984126984127 0.80952380952381
122.2 0.412698412698413 0.222222222222222 0.555555555555556
122.23 0.428571428571429 -0.238095238095238 1.3015873015873
122.3 0.428571428571429 0.174603174603175 0.555555555555556
122.33 0.412698412698413 0.111111111111111 0.793650793650794
122.36 0.412698412698413 -0.317460317460317 1.46031746031746
122.4 0.46031746031746 0.0317460317460317 0.857142857142857
122.43 0.492063492063492 0.317460317460317 0.587301587301587
122.46 0.444444444444444 0.238095238095238 0.571428571428571
122.5 0.412698412698413 0.111111111111111 0.666666666666667
122.53 0.428571428571429 -0.333333333333333 1.42857142857143
122.56 0.428571428571429 -0.0476190476190476 0.952380952380952
122.6 0.428571428571429 0.222222222222222 0.555555555555556
122.63 0.396825396825397 -0.0634920634920635 1.20634920634921
122.66 0.412698412698413 -0.26984126984127 1.3968253968254
122.7 0.507936507936508 0.19047619047619 0.603174603174603
122.73 0.46031746031746 0.238095238095238 0.666666666666667
122.76 0.380952380952381 -0.301587301587302 1.50793650793651
122.8 0.46031746031746 -0.0793650793650794 1.20634920634921
122.83 0.46031746031746 0.26984126984127 0.476190476190476
122.86 0.428571428571429 0 0.873015873015873
122.9 0.428571428571429 -0.317460317460317 1.46031746031746
122.93 0.428571428571429 0.0793650793650794 0.746031746031746
122.96 0.444444444444444 -0.158730158730159 1.25396825396825
123 0.507936507936508 0.301587301587302 0.476190476190476
123.03 0.412698412698413 0.0634920634920635 0.873015873015873
123.06 0.396825396825397 -0.333333333333333 1.52380952380952
123.1 0.476190476190476 0.0634920634920635 0.873015873015873
123.13 0.412698412698413 0.206349206349206 0.571428571428571
123.16 0.428571428571429 -0.206349206349206 1.28571428571429
123.23 0.428571428571429 0.206349206349206 0.555555555555556
123.26 0.412698412698413 0.126984126984127 0.80952380952381
123.3 0.396825396825397 -0.301587301587302 1.49206349206349
123.33 0.46031746031746 0.0158730158730159 0.936507936507937
123.36 0.492063492063492 0.349206349206349 0.507936507936508
123.4 0.396825396825397 -0.0952380952380952 1.19047619047619
123.43 0.444444444444444 -0.285714285714286 1.46031746031746
123.5 0.412698412698413 -0.0952380952380952 1
123.53 0.46031746031746 0.238095238095238 0.555555555555556
123.56 0.380952380952381 -0.0158730158730159 1.15873015873016
123.6 0.396825396825397 -0.317460317460317 1.42857142857143
123.63 0.523809523809524 0.158730158730159 0.666666666666667
123.66 0.428571428571429 0.253968253968254 0.650793650793651
123.7 0.380952380952381 -0.285714285714286 1.50793650793651
123.73 0.46031746031746 -0.0952380952380952 1.22222222222222
123.76 0.428571428571429 0.238095238095238 0.492063492063492
123.8 0.412698412698413 -0.0317460317460317 0.904761904761905
123.83 0.428571428571429 -0.301587301587302 1.42857142857143
123.86 0.428571428571429 0.0476190476190476 0.73015873015873
123.9 0.428571428571429 0.206349206349206 0.634920634920635
123.93 0.380952380952381 -0.19047619047619 1.41269841269841
123.96 0.428571428571429 -0.19047619047619 0.80952380952381
124 0.412698412698413 -0.317460317460317 1.49206349206349
124.03 0.46031746031746 0.0634920634920635 0.920634920634921
124.06 0.396825396825397 0.19047619047619 0.523809523809524
124.1 0.428571428571429 -0.174603174603175 1.25396825396825
124.16 0.444444444444444 0.174603174603175 0.53968253968254
124.2 0.428571428571429 0.174603174603175 0.80952380952381
124.23 0.380952380952381 -0.285714285714286 1.47619047619048
124.26 0.46031746031746 0 1
124.3 0.492063492063492 0.317460317460317 0.523809523809524
124.33 0.380952380952381 -0.111111111111111 1.19047619047619
124.36 0.444444444444444 -0.253968253968254 1.44444444444444
124.4 0.476190476190476 0.222222222222222 0.619047619047619
124.43 0.396825396825397 0.158730158730159 0.587301587301587
124.46 0.412698412698413 -0.301587301587302 1.3968253968254
124.5 0.396825396825397 0 1.12698412698413
124.53 0.396825396825397 -0.301587301587302 1.46031746031746
124.56 0.492063492063492 0.126984126984127 0.714285714285714
124.6 0.428571428571429 0.253968253968254 0.603174603174603
124.63 0.380952380952381 -0.26984126984127 1.44444444444444
124.66 0.444444444444444 -0.142857142857143 1.25396825396825
124.7 0.428571428571429 0.238095238095238 0.46031746031746
124.73 0.428571428571429 -0.0158730158730159 0.904761904761905
124.76 0.428571428571429 -0.333333333333333 1.42857142857143
124.8 0.444444444444444 0.0476190476190476 0.777777777777778
124.83 0.428571428571429 0.222222222222222 0.634920634920635
124.86 0.380952380952381 -0.206349206349206 1.42857142857143
124.9 0.428571428571429 -0.174603174603175 1.28571428571429
124.93 0.523809523809524 0.317460317460317 0.507936507936508
124.96 0.412698412698413 0.0952380952380952 0.857142857142857
124.99 0.396825396825397 0.206349206349206 0.53968253968254
125.03 0.428571428571429 -0.206349206349206 1.28571428571429
125.09 0.46031746031746 0.222222222222222 0.492063492063492
125.13 0.428571428571429 0.158730158730159 0.825396825396825
125.16 0.396825396825397 -0.349206349206349 1.50793650793651
125.19 0.46031746031746 0.0317460317460317 0.936507936507937
125.23 0.492063492063492 0.301587301587302 0.53968253968254
125.26 0.380952380952381 -0.158730158730159 1.26984126984127
125.29 0.46031746031746 -0.253968253968254 1.38095238095238
125.33 0.444444444444444 0.222222222222222 0.571428571428571
125.36 0.396825396825397 0.142857142857143 0.682539682539683
125.39 0.444444444444444 -0.317460317460317 1.41269841269841
125.43 0.444444444444444 -0.0476190476190476 0.952380952380952
125.46 0.444444444444444 0.238095238095238 0.587301587301587
125.49 0.507936507936508 0.222222222222222 0.634920634920635
125.53 0.428571428571429 0.19047619047619 0.698412698412698
125.56 0.396825396825397 -0.285714285714286 1.44444444444444
125.59 0.46031746031746 -0.0634920634920635 1.15873015873016
125.63 0.428571428571429 0.206349206349206 0.492063492063492
125.66 0.428571428571429 -0.0952380952380952 1.06349206349206
125.69 0.428571428571429 -0.26984126984127 1.33333333333333
125.73 0.428571428571429 0.142857142857143 0.603174603174603
125.76 0.428571428571429 0.206349206349206 0.698412698412698
125.79 0.380952380952381 -0.285714285714286 1.49206349206349
125.83 0.444444444444444 -0.0793650793650794 1.15873015873016
125.86 0.523809523809524 0.333333333333333 0.492063492063492
125.89 0.396825396825397 -0.0317460317460317 1
125.93 0.396825396825397 -0.333333333333333 1.46031746031746
125.96 0.476190476190476 0.142857142857143 0.761904761904762
125.99 0.396825396825397 -0.126984126984127 1.11111111111111
126.03 0.46031746031746 0.26984126984127 0.53968253968254
126.06 0.412698412698413 0.0317460317460317 1.12698412698413
126.09 0.380952380952381 -0.317460317460317 1.44444444444444
