14 51 7 881
14 51 12 350

4.633 0.238095238095238 -0.111111111111111 1.01587301587302
5.033 0.253968253968254 -0.0952380952380952 1.01587301587302
5.433 0.253968253968254 -0.0952380952380952 1.01587301587302
5.833 0.238095238095238 -0.0952380952380952 1.01587301587302
6.233 0.222222222222222 -0.0952380952380952 1
6.633 0.238095238095238 -0.0952380952380952 1.01587301587302
7.033 0.238095238095238 -0.111111111111111 1.04761904761905
7.433 0.238095238095238 -0.111111111111111 1.03174603174603
7.833 0.238095238095238 -0.126984126984127 1.03174603174603
8.233 0.238095238095238 -0.111111111111111 1.03174603174603
8.632 0.238095238095238 -0.111111111111111 1
9.032 0.238095238095238 -0.111111111111111 1.03174603174603
9.432 0.238095238095238 -0.111111111111111 1.03174603174603
9.832 0.238095238095238 -0.0952380952380952 1.01587301587302
10.232 0.238095238095238 -0.0952380952380952 1.01587301587302
10.632 0.253968253968254 -0.0952380952380952 1
11.032 0.238095238095238 -0.111111111111111 1
11.299 0.238095238095238 -0.126984126984127 1.06349206349206
11.332 0.253968253968254 -0.111111111111111 1
11.732 0.238095238095238 -0.111111111111111 1.01587301587302
12.132 0.222222222222222 -0.111111111111111 1.01587301587302
12.532 0.238095238095238 -0.111111111111111 1.01587301587302
12.932 0.253968253968254 -0.111111111111111 1.01587301587302
13.332 0.222222222222222 -0.0952380952380952 1.03174603174603
13.732 0.253968253968254 -0.0952380952380952 1
14.132 0.253968253968254 -0.0952380952380952 1.01587301587302
14.532 0.238095238095238 -0.0952380952380952 1.03174603174603
14.932 0.238095238095238 -0.111111111111111 1.03174603174603
15.332 0.238095238095238 -0.0952380952380952 1.01587301587302
15.732 0.238095238095238 -0.111111111111111 1.01587301587302
16.132 0.253968253968254 -0.0793650793650794 1
16.532 0.253968253968254 -0.0793650793650794 1.01587301587302
16.932 0.253968253968254 -0.0952380952380952 1.01587301587302
17.332 0.238095238095238 -0.111111111111111 1.01587301587302
17.732 0.238095238095238 -0.0952380952380952 1.03174603174603
18.132 0.238095238095238 -0.111111111111111 1.01587301587302
18.532 0.238095238095238 -0.111111111111111 1.03174603174603
18.932 0.238095238095238 -0.126984126984127 1.01587301587302
19.332 0.238095238095238 -0.111111111111111 1.01587301587302
19.732 0.238095238095238 -0.111111111111111 1.03174603174603
20.132 0.253968253968254 -0.0952380952380952 1.03174603174603
20.532 0.253968253968254 -0.0952380952380952 1.04761904761905
20.865 0.253968253968254 -0.0952380952380952 0.984126984126984
21.265 0.253968253968254 -0.0952380952380952 1.01587301587302
21.665 0.238095238095238 -0.126984126984127 1.01587301587302
22.065 0.238095238095238 -0.0952380952380952 0.984126984126984
22.465 0.238095238095238 -0.0952380952380952 1.01587301587302
22.865 0.238095238095238 -0.111111111111111 1.01587301587302
23.265 0.253968253968254 -0.111111111111111 1.04761904761905
23.665 0.238095238095238 -0.0952380952380952 1.01587301587302
24.065 0.238095238095238 -0.126984126984127 1.03174603174603
24.465 0.253968253968254 -0.111111111111111 1.01587301587302
24.865 0.253968253968254 -0.111111111111111 1.01587301587302
25.265 0.238095238095238 -0.0952380952380952 1
25.665 0.253968253968254 -0.0952380952380952 1.01587301587302
26.065 0.238095238095238 -0.0952380952380952 0.984126984126984
26.465 0.238095238095238 -0.0952380952380952 1.01587301587302
26.865 0.238095238095238 -0.111111111111111 1
27.265 0.238095238095238 -0.111111111111111 1
27.465 0.238095238095238 -0.111111111111111 1.06349206349206
27.532 0.253968253968254 -0.0952380952380952 0.984126984126984
27.932 0.238095238095238 -0.0793650793650794 1.01587301587302
28.332 0.253968253968254 -0.0952380952380952 1.04761904761905
28.732 0.222222222222222 -0.0952380952380952 1.01587301587302
29.132 0.222222222222222 -0.0952380952380952 1.01587301587302
29.532 0.253968253968254 -0.111111111111111 0.984126984126984
29.765 0.253968253968254 -0.111111111111111 1.04761904761905
30.165 0.238095238095238 -0.0952380952380952 0.984126984126984
30.232 0.253968253968254 -0.111111111111111 1.04761904761905
30.798 0.238095238095238 -0.0952380952380952 0.984126984126984
30.865 0.238095238095238 -0.111111111111111 1.04761904761905
31.265 0.238095238095238 -0.0952380952380952 1
31.665 0.253968253968254 -0.111111111111111 1.06349206349206
31.698 0.238095238095238 -0.0793650793650794 1
31.732 0.238095238095238 -0.142857142857143 1.03174603174603
31.865 0.238095238095238 -0.0793650793650794 1
31.898 0.253968253968254 -0.142857142857143 1.03174603174603
32.298 0.222222222222222 -0.0793650793650794 1
32.498 0.253968253968254 -0.142857142857143 1.03174603174603
32.532 0.253968253968254 -0.0634920634920635 1.03174603174603
32.565 0.253968253968254 -0.142857142857143 1.03174603174603
32.598 0.253968253968254 -0.0793650793650794 1
32.998 0.253968253968254 -0.0952380952380952 1.01587301587302
33.398 0.253968253968254 -0.0952380952380952 1
33.798 0.253968253968254 -0.0793650793650794 1.01587301587302
33.898 0.26984126984127 -0.142857142857143 1.04761904761905
33.931 0.222222222222222 -0.0634920634920635 1.04761904761905
33.998 0.253968253968254 -0.126984126984127 1.01587301587302
34.398 0.238095238095238 -0.126984126984127 1.01587301587302
34.798 0.253968253968254 -0.126984126984127 1.03174603174603
34.965 0.238095238095238 -0.0634920634920635 1
35.098 0.253968253968254 -0.126984126984127 1.04761904761905
35.131 0.238095238095238 -0.0952380952380952 0.952380952380952
35.165 0.253968253968254 -0.111111111111111 1.06349206349206
35.198 0.238095238095238 -0.0793650793650794 1
35.598 0.238095238095238 -0.111111111111111 1.01587301587302
35.998 0.238095238095238 -0.0952380952380952 1.03174603174603
36.398 0.26984126984127 -0.0793650793650794 1.04761904761905
36.698 0.26984126984127 -0.0952380952380952 0.984126984126984
37.098 0.26984126984127 -0.111111111111111 1.03174603174603
37.498 0.253968253968254 -0.0793650793650794 1.01587301587302
37.898 0.238095238095238 -0.0952380952380952 1.03174603174603
38.298 0.238095238095238 -0.111111111111111 1
38.698 0.238095238095238 -0.0952380952380952 1.01587301587302
39.098 0.238095238095238 -0.0952380952380952 1
39.498 0.253968253968254 -0.111111111111111 1
39.898 0.238095238095238 -0.111111111111111 1
40.298 0.26984126984127 -0.126984126984127 1.01587301587302
40.698 0.253968253968254 -0.0952380952380952 1
40.765 0.26984126984127 -0.0952380952380952 1.06349206349206
40.798 0.238095238095238 -0.111111111111111 1
41.198 0.253968253968254 -0.111111111111111 1.01587301587302
41.598 0.238095238095238 -0.0952380952380952 1.01587301587302
41.998 0.238095238095238 -0.0952380952380952 1
42.398 0.238095238095238 -0.111111111111111 1
42.798 0.253968253968254 -0.0952380952380952 1
43.198 0.238095238095238 -0.0952380952380952 1
43.598 0.253968253968254 -0.111111111111111 1
43.998 0.238095238095238 -0.0952380952380952 1
44.398 0.253968253968254 -0.0952380952380952 0.984126984126984
44.798 0.238095238095238 -0.0952380952380952 1.03174603174603
45.198 0.253968253968254 -0.0952380952380952 1.03174603174603
45.598 0.238095238095238 -0.0952380952380952 1
45.998 0.253968253968254 -0.126984126984127 1
46.398 0.238095238095238 -0.111111111111111 1
46.598 0.238095238095238 -0.111111111111111 1.06349206349206
46.631 0.253968253968254 -0.111111111111111 1
47.031 0.238095238095238 -0.111111111111111 1
47.431 0.238095238095238 -0.0793650793650794 0.984126984126984
47.464 0.253968253968254 -0.111111111111111 1.04761904761905
47.531 0.238095238095238 -0.0793650793650794 0.984126984126984
47.564 0.253968253968254 -0.126984126984127 1.04761904761905
47.598 0.253968253968254 -0.0952380952380952 0.968253968253968
47.631 0.26984126984127 -0.0952380952380952 1.04761904761905
47.664 0.253968253968254 -0.0952380952380952 0.952380952380952
47.798 0.253968253968254 -0.126984126984127 1.04761904761905
47.831 0.253968253968254 -0.0952380952380952 0.984126984126984
47.864 0.253968253968254 -0.126984126984127 1.06349206349206
47.898 0.238095238095238 -0.0952380952380952 0.984126984126984
47.931 0.26984126984127 -0.0952380952380952 1.06349206349206
47.964 0.253968253968254 -0.0952380952380952 0.968253968253968
48.031 0.26984126984127 -0.111111111111111 1.04761904761905
48.364 0.253968253968254 -0.126984126984127 0.984126984126984
48.431 0.253968253968254 -0.126984126984127 1.04761904761905
48.564 0.26984126984127 -0.0793650793650794 0.984126984126984
48.598 0.253968253968254 -0.142857142857143 1.03174603174603
48.631 0.253968253968254 -0.0793650793650794 0.936507936507937
48.664 0.253968253968254 -0.126984126984127 1.03174603174603
48.698 0.285714285714286 -0.0793650793650794 0.952380952380952
48.731 0.253968253968254 -0.0952380952380952 1.03174603174603
48.764 0.26984126984127 -0.111111111111111 0.968253968253968
48.798 0.26984126984127 -0.0952380952380952 1.03174603174603
48.931 0.26984126984127 -0.0793650793650794 0.968253968253968
48.964 0.238095238095238 -0.126984126984127 1.04761904761905
48.998 0.253968253968254 -0.0952380952380952 0.984126984126984
49.064 0.238095238095238 -0.126984126984127 1.04761904761905
49.098 0.253968253968254 -0.0793650793650794 0.968253968253968
49.131 0.253968253968254 -0.126984126984127 1.04761904761905
49.164 0.253968253968254 -0.0952380952380952 0.984126984126984
49.364 0.253968253968254 -0.126984126984127 1.04761904761905
49.398 0.253968253968254 -0.111111111111111 0.984126984126984
49.498 0.26984126984127 -0.0793650793650794 1.04761904761905
49.531 0.238095238095238 -0.142857142857143 1
49.598 0.26984126984127 -0.0793650793650794 1.03174603174603
49.698 0.238095238095238 -0.142857142857143 1.07936507936508
49.731 0.253968253968254 -0.0952380952380952 1.01587301587302
50.131 0.238095238095238 -0.0952380952380952 0.968253968253968
50.164 0.238095238095238 -0.111111111111111 1.04761904761905
50.197 0.253968253968254 -0.111111111111111 0.984126984126984
50.331 0.253968253968254 -0.111111111111111 1.06349206349206
50.364 0.26984126984127 -0.0952380952380952 1
50.764 0.253968253968254 -0.111111111111111 0.984126984126984
50.897 0.26984126984127 -0.126984126984127 1.04761904761905
50.931 0.253968253968254 -0.0793650793650794 0.968253968253968
50.964 0.253968253968254 -0.0952380952380952 1.04761904761905
50.997 0.253968253968254 -0.111111111111111 0.984126984126984
51.131 0.253968253968254 -0.0793650793650794 1.04761904761905
51.197 0.26984126984127 -0.0793650793650794 0.984126984126984
51.231 0.253968253968254 -0.126984126984127 1.07936507936508
51.264 0.26984126984127 -0.111111111111111 0.968253968253968
51.297 0.253968253968254 -0.0952380952380952 1.04761904761905
51.431 0.253968253968254 -0.0793650793650794 0.968253968253968
51.464 0.253968253968254 -0.126984126984127 1.07936507936508
51.497 0.253968253968254 -0.0793650793650794 0.936507936507937
51.531 0.253968253968254 -0.111111111111111 1.03174603174603
51.564 0.26984126984127 -0.111111111111111 0.968253968253968
51.631 0.253968253968254 -0.0793650793650794 1.04761904761905
51.764 0.253968253968254 -0.0793650793650794 0.936507936507937
51.797 0.253968253968254 -0.111111111111111 1.03174603174603
51.831 0.253968253968254 -0.111111111111111 0.968253968253968
51.897 0.253968253968254 -0.142857142857143 1.04761904761905
51.931 0.26984126984127 -0.0634920634920635 1.01587301587302
51.964 0.253968253968254 -0.126984126984127 1.01587301587302
52.064 0.253968253968254 -0.0952380952380952 0.952380952380952
52.131 0.285714285714286 -0.0793650793650794 1.01587301587302
52.164 0.26984126984127 -0.142857142857143 1.01587301587302
52.364 0.26984126984127 -0.0793650793650794 1
52.764 0.26984126984127 -0.111111111111111 1.03174603174603
53.164 0.26984126984127 -0.0952380952380952 1.01587301587302
53.564 0.26984126984127 -0.111111111111111 1
53.964 0.253968253968254 -0.111111111111111 1.01587301587302
54.364 0.253968253968254 -0.111111111111111 1.03174603174603
54.764 0.26984126984127 -0.111111111111111 1
55.164 0.253968253968254 -0.0952380952380952 1.03174603174603
55.197 0.253968253968254 -0.0952380952380952 0.968253968253968
55.231 0.253968253968254 -0.0952380952380952 1.03174603174603
55.631 0.253968253968254 -0.0952380952380952 1.01587301587302
56.031 0.253968253968254 -0.111111111111111 1.01587301587302
56.431 0.238095238095238 -0.0952380952380952 1
56.831 0.253968253968254 -0.111111111111111 1.01587301587302
57.231 0.253968253968254 -0.111111111111111 1
57.631 0.285714285714286 -0.111111111111111 1
58.031 0.26984126984127 -0.0952380952380952 1.01587301587302
58.43 0.253968253968254 -0.111111111111111 1.01587301587302
58.83 0.253968253968254 -0.111111111111111 0.984126984126984
58.93 0.26984126984127 -0.111111111111111 1.04761904761905
59.23 0.26984126984127 -0.111111111111111 0.968253968253968
59.264 0.26984126984127 -0.0952380952380952 1.03174603174603
59.664 0.26984126984127 -0.0952380952380952 1.01587301587302
60.06 0.26984126984127 -0.111111111111111 1.01587301587302
60.46 0.26984126984127 -0.111111111111111 0.984126984126984
60.86 0.26984126984127 -0.0952380952380952 1.01587301587302
61.26 0.253968253968254 -0.111111111111111 1.01587301587302
61.66 0.253968253968254 -0.0952380952380952 1
62.06 0.253968253968254 -0.0952380952380952 1.01587301587302
62.46 0.26984126984127 -0.111111111111111 1.04761904761905
62.86 0.26984126984127 -0.111111111111111 1.01587301587302
63.26 0.253968253968254 -0.126984126984127 1
63.66 0.253968253968254 -0.126984126984127 1.04761904761905
63.73 0.26984126984127 -0.111111111111111 0.984126984126984
64.03 0.26984126984127 -0.126984126984127 1.04761904761905
64.06 0.238095238095238 -0.0634920634920635 1
64.1 0.238095238095238 -0.126984126984127 1
64.2 0.253968253968254 -0.0634920634920635 0.984126984126984
64.23 0.253968253968254 -0.0634920634920635 1.11111111111111
64.26 0.253968253968254 -0.142857142857143 1.04761904761905
64.3 0.26984126984127 -0.142857142857143 0.904761904761905
64.33 0.301587301587302 -0.0476190476190476 0.984126984126984
64.36 0.253968253968254 -0.0952380952380952 1.15873015873016
64.4 0.26984126984127 -0.111111111111111 0.936507936507937
64.46 0.253968253968254 -0.0952380952380952 1.12698412698413
64.5 0.238095238095238 -0.174603174603175 1.01587301587302
64.53 0.285714285714286 -0.0634920634920635 0.888888888888889
64.6 0.285714285714286 -0.0634920634920635 1.04761904761905
64.63 0.238095238095238 -0.142857142857143 1.11111111111111
64.66 0.285714285714286 -0.126984126984127 0.904761904761905
64.7 0.301587301587302 -0.0952380952380952 1.03174603174603
64.73 0.253968253968254 -0.126984126984127 1.12698412698413
64.76 0.285714285714286 -0.126984126984127 0.904761904761905
64.8 0.301587301587302 -0.0634920634920635 0.952380952380952
64.83 0.238095238095238 -0.126984126984127 1.14285714285714
64.86 0.26984126984127 -0.142857142857143 0.968253968253968
64.9 0.301587301587302 -0.0476190476190476 0.904761904761905
64.93 0.253968253968254 -0.111111111111111 1.12698412698413
64.96 0.253968253968254 -0.158730158730159 0.984126984126984
65 0.317460317460317 -0.0793650793650794 0.904761904761905
65.03 0.285714285714286 -0.0952380952380952 1.11111111111111
65.1 0.253968253968254 -0.158730158730159 1.11111111111111
65.13 0.285714285714286 -0.0952380952380952 0.888888888888889
65.16 0.301587301587302 -0.0634920634920635 0.968253968253968
65.2 0.253968253968254 -0.142857142857143 1.15873015873016
65.23 0.26984126984127 -0.111111111111111 0.920634920634921
65.3 0.253968253968254 -0.111111111111111 1.12698412698413
65.33 0.26984126984127 -0.142857142857143 0.968253968253968
65.36 0.317460317460317 -0.0634920634920635 0.936507936507937
65.4 0.26984126984127 -0.111111111111111 1.14285714285714
65.43 0.26984126984127 -0.142857142857143 1.01587301587302
65.46 0.317460317460317 -0.0476190476190476 0.857142857142857
65.5 0.26984126984127 -0.0793650793650794 1.11111111111111
65.53 0.253968253968254 -0.158730158730159 1.04761904761905
65.56 0.301587301587302 -0.0634920634920635 0.857142857142857
65.63 0.301587301587302 -0.0634920634920635 1.01587301587302
65.66 0.253968253968254 -0.126984126984127 1.12698412698413
65.7 0.285714285714286 -0.0952380952380952 0.904761904761905
65.76 0.26984126984127 -0.126984126984127 1.12698412698413
65.8 0.26984126984127 -0.142857142857143 0.968253968253968
65.83 0.317460317460317 -0.0476190476190476 0.873015873015873
65.86 0.26984126984127 -0.111111111111111 1.12698412698413
65.9 0.26984126984127 -0.158730158730159 1.01587301587302
65.93 0.317460317460317 -0.0793650793650794 0.888888888888889
65.96 0.26984126984127 -0.0952380952380952 1.11111111111111
66 0.253968253968254 -0.158730158730159 1.03174603174603
66.03 0.301587301587302 -0.0793650793650794 0.873015873015873
66.1 0.253968253968254 -0.142857142857143 1.06349206349206
66.13 0.253968253968254 -0.142857142857143 1.14285714285714
66.16 0.285714285714286 -0.126984126984127 0.904761904761905
66.2 0.317460317460317 -0.0634920634920635 0.984126984126984
66.23 0.253968253968254 -0.126984126984127 1.14285714285714
66.26 0.285714285714286 -0.126984126984127 0.936507936507937
66.3 0.333333333333333 -0.0634920634920635 0.968253968253968
66.33 0.285714285714286 -0.126984126984127 1.14285714285714
66.36 0.26984126984127 -0.142857142857143 1
66.4 0.333333333333333 -0.0634920634920635 0.904761904761905
66.43 0.285714285714286 -0.0952380952380952 1.11111111111111
66.46 0.285714285714286 -0.142857142857143 1.01587301587302
66.5 0.301587301587302 -0.0793650793650794 0.857142857142857
66.53 0.26984126984127 -0.0793650793650794 1.11111111111111
66.56 0.253968253968254 -0.142857142857143 1.06349206349206
66.6 0.317460317460317 -0.0952380952380952 0.873015873015873
66.66 0.317460317460317 -0.0634920634920635 0.984126984126984
66.7 0.253968253968254 -0.142857142857143 1.15873015873016
66.73 0.285714285714286 -0.111111111111111 0.936507936507937
66.8 0.285714285714286 -0.126984126984127 1.12698412698413
66.83 0.253968253968254 -0.142857142857143 0.984126984126984
66.86 0.333333333333333 -0.0634920634920635 0.920634920634921
66.9 0.26984126984127 -0.0793650793650794 1.07936507936508
66.93 0.26984126984127 -0.158730158730159 1.03174603174603
66.96 0.317460317460317 -0.0952380952380952 0.873015873015873
67 0.301587301587302 -0.0793650793650794 1.12698412698413
67.03 0.26984126984127 -0.174603174603175 1.0952380952381
67.06 0.317460317460317 -0.0634920634920635 0.857142857142857
67.1 0.317460317460317 -0.0952380952380952 1.06349206349206
67.13 0.26984126984127 -0.158730158730159 1.0952380952381
67.2 0.301587301587302 -0.126984126984127 0.920634920634921
67.23 0.333333333333333 -0.0634920634920635 0.952380952380952
67.26 0.285714285714286 -0.111111111111111 1.15873015873016
67.3 0.285714285714286 -0.158730158730159 0.968253968253968
67.33 0.333333333333333 -0.0634920634920635 0.888888888888889
67.36 0.285714285714286 -0.111111111111111 1.11111111111111
67.4 0.253968253968254 -0.158730158730159 1.03174603174603
67.43 0.317460317460317 -0.0634920634920635 0.857142857142857
67.46 0.301587301587302 -0.0793650793650794 1.0952380952381
67.5 0.238095238095238 -0.158730158730159 1.07936507936508
67.53 0.301587301587302 -0.0793650793650794 0.857142857142857
67.56 0.301587301587302 -0.0634920634920635 1.07936507936508
67.6 0.253968253968254 -0.158730158730159 1.07936507936508
67.63 0.301587301587302 -0.0952380952380952 0.888888888888889
67.66 0.317460317460317 -0.0793650793650794 1.01587301587302
67.7 0.333333333333333 -0.0476190476190476 0.904761904761905
67.73 0.26984126984127 -0.111111111111111 1.12698412698413
67.76 0.285714285714286 -0.158730158730159 0.984126984126984
67.8 0.317460317460317 -0.0634920634920635 0.873015873015873
67.83 0.301587301587302 -0.0793650793650794 1.12698412698413
67.86 0.285714285714286 -0.158730158730159 1.03174603174603
67.9 0.333333333333333 -0.0476190476190476 0.888888888888889
67.93 0.285714285714286 -0.0793650793650794 1.11111111111111
67.96 0.26984126984127 -0.158730158730159 1.07936507936508
68 0.317460317460317 -0.0634920634920635 0.873015873015873
68.03 0.317460317460317 -0.0634920634920635 1.07936507936508
68.06 0.26984126984127 -0.174603174603175 1.12698412698413
68.1 0.301587301587302 -0.111111111111111 0.920634920634921
68.13 0.317460317460317 -0.0793650793650794 1.01587301587302
68.16 0.253968253968254 -0.158730158730159 1.12698412698413
68.23 0.26984126984127 -0.142857142857143 0.968253968253968
68.26 0.333333333333333 -0.0476190476190476 0.904761904761905
68.3 0.285714285714286 -0.0952380952380952 1.11111111111111
68.33 0.253968253968254 -0.158730158730159 1.04761904761905
68.36 0.333333333333333 -0.0634920634920635 0.841269841269841
68.4 0.301587301587302 -0.0793650793650794 1.07936507936508
68.43 0.26984126984127 -0.158730158730159 1.07936507936508
68.46 0.317460317460317 -0.0952380952380952 0.888888888888889
68.5 0.317460317460317 -0.0634920634920635 1.01587301587302
68.53 0.26984126984127 -0.142857142857143 1.11111111111111
68.56 0.285714285714286 -0.0952380952380952 0.904761904761905
68.6 0.333333333333333 -0.0793650793650794 1
68.63 0.26984126984127 -0.126984126984127 1.15873015873016
68.66 0.285714285714286 -0.126984126984127 0.920634920634921
68.7 0.333333333333333 -0.0634920634920635 1.01587301587302
68.73 0.333333333333333 -0.0793650793650794 0.888888888888889
68.76 0.285714285714286 -0.0634920634920635 1.0952380952381
68.8 0.26984126984127 -0.158730158730159 1.06349206349206
68.83 0.301587301587302 -0.0793650793650794 0.857142857142857
68.86 0.301587301587302 -0.0634920634920635 1.06349206349206
68.9 0.26984126984127 -0.158730158730159 1.12698412698413
68.93 0.301587301587302 -0.111111111111111 0.888888888888889
68.96 0.301587301587302 -0.0634920634920635 1
69 0.26984126984127 -0.142857142857143 1.15873015873016
69.03 0.301587301587302 -0.111111111111111 0.936507936507937
69.06 0.317460317460317 -0.0476190476190476 0.936507936507937
69.1 0.26984126984127 -0.126984126984127 1.15873015873016
69.13 0.285714285714286 -0.158730158730159 0.952380952380952
69.16 0.333333333333333 -0.0476190476190476 0.888888888888889
69.2 0.285714285714286 -0.0952380952380952 1.11111111111111
69.26 0.26984126984127 -0.174603174603175 1.0952380952381
69.3 0.317460317460317 -0.0793650793650794 0.873015873015873
69.33 0.317460317460317 -0.0634920634920635 1.04761904761905
69.36 0.26984126984127 -0.174603174603175 1.11111111111111
69.4 0.317460317460317 -0.0952380952380952 0.888888888888889
69.43 0.301587301587302 -0.0793650793650794 1.01587301587302
69.83 0.285714285714286 -0.111111111111111 1
70.23 0.301587301587302 -0.111111111111111 1
70.63 0.301587301587302 -0.126984126984127 1
71.03 0.285714285714286 -0.111111111111111 1.01587301587302
71.43 0.285714285714286 -0.0952380952380952 0.984126984126984
71.6 0.285714285714286 -0.111111111111111 1.04761904761905
71.63 0.285714285714286 -0.111111111111111 0.984126984126984
72.03 0.301587301587302 -0.0952380952380952 1
72.43 0.285714285714286 -0.0952380952380952 0.984126984126984
72.5 0.428571428571429 -0.111111111111111 0.984126984126984
72.53 0.650793650793651 -0.253968253968254 -0.0476190476190476
72.56 0.0158730158730159 0.0634920634920635 2.01587301587302
72.6 0.571428571428571 -0.206349206349206 0.73015873015873
72.63 0.873015873015873 0.0634920634920635 0.46031746031746
72.66 -0.0317460317460317 -0.0317460317460317 2.01587301587302
72.7 0.793650793650794 -0.19047619047619 -0.26984126984127
72.73 0.492063492063492 0.0952380952380952 1.15873015873016
72.76 0.126984126984127 -0.349206349206349 1.57142857142857
72.8 0.984126984126984 -0.142857142857143 -0.396825396825397
72.83 0.0793650793650794 -0.158730158730159 2.01587301587302
72.86 0.904761904761905 0 0.365079365079365
72.9 -0.0158730158730159 0 2.01587301587302
72.93 0.857142857142857 -0.142857142857143 -0.301587301587302
72.96 0.492063492063492 0.0952380952380952 1.3968253968254
73 0.158730158730159 -0.222222222222222 1.3968253968254
73.03 1 -0.0793650793650794 -0.285714285714286
73.06 0.0476190476190476 -0.222222222222222 2.01587301587302
73.1 0.761904761904762 -0.26984126984127 0.0634920634920635
73.13 0.571428571428571 -0.0952380952380952 1.14285714285714
73.16 0.0952380952380952 -0.26984126984127 2.01587301587302
73.2 1.03174603174603 -0.111111111111111 -0.222222222222222
73.23 0.126984126984127 0.0317460317460317 2.01587301587302
73.26 0.587301587301587 -0.19047619047619 0.492063492063492
73.3 0.777777777777778 0.111111111111111 0.825396825396825
73.33 0.0476190476190476 -0.0793650793650794 1.96825396825397
73.36 0.253968253968254 -0.142857142857143 1.76190476190476
73.4 0.428571428571429 -0.301587301587302 0.984126984126984
73.43 0.841269841269841 -0.0952380952380952 0.507936507936508
73.46 0 -0.158730158730159 2.01587301587302
73.5 0.968253968253968 -0.174603174603175 -0.349206349206349
73.53 0.365079365079365 0.0952380952380952 2
73.56 0.333333333333333 -0.19047619047619 1.23809523809524
73.6 0.968253968253968 0.0476190476190476 -0.0158730158730159
73.63 0.0158730158730159 -0.0634920634920635 2.01587301587302
73.66 0.904761904761905 -0.19047619047619 -0.365079365079365
73.7 0.317460317460317 0 1.58730158730159
73.73 0.396825396825397 -0.349206349206349 0.936507936507937
73.76 0.888888888888889 -0.111111111111111 0.26984126984127
73.8 0 -0.238095238095238 2.01587301587302
73.83 0.952380952380952 -0.206349206349206 -0.158730158730159
73.86 0.222222222222222 -0.174603174603175 1.53968253968254
73.9 1.01587301587302 0.0158730158730159 -0.26984126984127
73.93 0.0317460317460317 -0.0634920634920635 2.01587301587302
73.96 0.857142857142857 -0.253968253968254 -0.253968253968254
74 0.412698412698413 -0.0476190476190476 1.38095238095238
74.03 0.317460317460317 -0.333333333333333 1.26984126984127
74.06 0.936507936507937 -0.126984126984127 0.206349206349206
74.1 0.0158730158730159 -0.206349206349206 2.01587301587302
74.13 0.968253968253968 -0.174603174603175 -0.285714285714286
74.16 0.396825396825397 0.0476190476190476 2.01587301587302
74.2 0.349206349206349 -0.19047619047619 1.3015873015873
74.23 1 0.0634920634920635 0.142857142857143
74.26 0.0158730158730159 -0.111111111111111 2.01587301587302
74.3 1 -0.111111111111111 -0.571428571428571
74.33 0.238095238095238 0.0158730158730159 1.76190476190476
74.36 0.507936507936508 -0.333333333333333 0.365079365079365
74.4 0 -0.19047619047619 2.01587301587302
74.43 1.03174603174603 -0.158730158730159 -0.412698412698413
74.46 0.238095238095238 0.0793650793650794 2.01587301587302
74.5 0.555555555555556 -0.206349206349206 0.619047619047619
74.53 0.777777777777778 0.0952380952380952 0.761904761904762
74.56 0.0793650793650794 -0.111111111111111 1.84126984126984
74.6 1.01587301587302 -0.0952380952380952 -0.412698412698413
74.63 0.0634920634920635 -0.111111111111111 1.9047619047619
74.66 0.80952380952381 -0.285714285714286 -0.0634920634920635
74.7 0.46031746031746 -0.126984126984127 1.41269841269841
74.73 0.317460317460317 -0.317460317460317 1.34920634920635
74.76 0.936507936507937 -0.0952380952380952 0.380952380952381
74.8 0.0317460317460317 -0.126984126984127 2.01587301587302
74.83 1.03174603174603 -0.142857142857143 -0.46031746031746
74.86 0.333333333333333 -0.206349206349206 0.920634920634921
74.9 0.904761904761905 -0.0158730158730159 0.158730158730159
74.93 0.0476190476190476 -0.301587301587302 1.88888888888889
74.96 1.03174603174603 -0.174603174603175 -0.412698412698413
75 0.111111111111111 -0.174603174603175 2.01587301587302
75.03 0.714285714285714 -0.285714285714286 0.428571428571429
75.06 0.666666666666667 -0.0476190476190476 1.23809523809524
75.1 0.158730158730159 -0.126984126984127 2.01587301587302
75.13 1.11111111111111 -0.0317460317460317 -0.222222222222222
75.16 0.0476190476190476 0 2.01587301587302
75.2 0.873015873015873 -0.158730158730159 -0.301587301587302
75.23 0.444444444444444 0.0476190476190476 1.55555555555556
75.26 0.333333333333333 -0.301587301587302 0.952380952380952
75.3 0.952380952380952 -0.0317460317460317 -0.0317460317460317
75.33 0.0317460317460317 -0.317460317460317 2.01587301587302
75.36 1.01587301587302 -0.238095238095238 -0.365079365079365
75.4 0.222222222222222 -0.126984126984127 1.31746031746032
75.43 0.984126984126984 0.0634920634920635 0.285714285714286
75.46 0.0158730158730159 -0.0952380952380952 2.01587301587302
75.5 1.03174603174603 -0.0952380952380952 -0.634920634920635
75.53 0.238095238095238 -0.0317460317460317 1.85714285714286
75.56 0.603174603174603 -0.333333333333333 0.333333333333333
75.6 0.666666666666667 -0.0476190476190476 0.746031746031746
75.63 0.158730158730159 -0.349206349206349 1.71428571428571
75.66 1.03174603174603 -0.158730158730159 0
75.7 0.0317460317460317 -0.174603174603175 2.01587301587302
75.73 0.920634920634921 -0.206349206349206 -0.174603174603175
75.76 0.46031746031746 0.0317460317460317 1.87301587301587
75.8 0.349206349206349 -0.19047619047619 1.28571428571429
75.83 0.968253968253968 0.0634920634920635 0.222222222222222
75.86 0.0476190476190476 -0.111111111111111 2.01587301587302
75.9 1.04761904761905 -0.111111111111111 -0.523809523809524
75.93 0.507936507936508 -0.333333333333333 0.841269841269841
75.96 0.793650793650794 -0.0793650793650794 0.793650793650794
76 0.0793650793650794 -0.174603174603175 2.01587301587302
76.03 1.11111111111111 -0.111111111111111 -0.444444444444444
76.06 0.0952380952380952 0.0476190476190476 2.01587301587302
76.1 0.80952380952381 -0.174603174603175 -0.0476190476190476
76.13 0.571428571428571 0.0952380952380952 1.49206349206349
76.16 0.26984126984127 -0.19047619047619 1.15873015873016
76.2 0.936507936507937 -0.0158730158730159 0.0793650793650794
76.23 0.0793650793650794 -0.253968253968254 1.80952380952381
76.26 1.03174603174603 -0.19047619047619 -0.412698412698413
76.3 0.142857142857143 -0.222222222222222 2.01587301587302
76.33 0.714285714285714 -0.301587301587302 0.349206349206349
76.36 0.619047619047619 -0.0476190476190476 1.31746031746032
76.4 0.222222222222222 -0.158730158730159 1.92063492063492
76.43 0.0952380952380952 -0.0476190476190476 2.01587301587302
76.46 0.873015873015873 -0.222222222222222 -0.26984126984127
76.5 0.396825396825397 -0.0317460317460317 1.47619047619048
76.53 0.444444444444444 -0.365079365079365 0.825396825396825
76.56 0.80952380952381 -0.0634920634920635 0.523809523809524
76.6 0.0634920634920635 -0.26984126984127 2.01587301587302
76.63 1.07936507936508 -0.19047619047619 -0.26984126984127
76.66 0.0952380952380952 -0.111111111111111 2.01587301587302
76.7 0.873015873015873 -0.174603174603175 -0.111111111111111
76.73 0.523809523809524 0.142857142857143 1.74603174603175
76.76 0.365079365079365 -0.206349206349206 1.07936507936508
76.8 0.920634920634921 0.0793650793650794 0.412698412698413
76.83 0.0634920634920635 -0.174603174603175 1.80952380952381
76.86 1.06349206349206 -0.111111111111111 -0.396825396825397
76.9 0.0793650793650794 -0.206349206349206 1.9047619047619
76.93 0.682539682539683 -0.0476190476190476 1.20634920634921
76.96 0.19047619047619 -0.158730158730159 1.98412698412698
77 1.07936507936508 -0.0317460317460317 -0.0476190476190476
77.03 0.0158730158730159 -0.0158730158730159 2.01587301587302
77.06 1.03174603174603 -0.0952380952380952 -0.619047619047619
77.1 0.238095238095238 0 1.96825396825397
77.13 0.714285714285714 -0.26984126984127 0.158730158730159
77.16 0.587301587301587 -0.0317460317460317 1.06349206349206
77.2 0.26984126984127 -0.365079365079365 1.33333333333333
77.23 0.952380952380952 -0.111111111111111 0.126984126984127
77.26 0.0158730158730159 -0.253968253968254 2.01587301587302
77.3 1.04761904761905 -0.19047619047619 -0.317460317460317
77.33 0.206349206349206 -0.0634920634920635 2.01587301587302
77.36 0.714285714285714 -0.174603174603175 0.333333333333333
77.4 0.666666666666667 0.0952380952380952 1.3968253968254
77.43 1.07936507936508 -0.0793650793650794 -0.317460317460317
77.46 0.0476190476190476 -0.26984126984127 2.01587301587302
77.5 0.968253968253968 -0.238095238095238 -0.301587301587302
77.53 0.253968253968254 -0.142857142857143 1.93650793650794
77.56 0.571428571428571 -0.26984126984127 0.793650793650794
77.6 0.714285714285714 -0.0158730158730159 1.14285714285714
77.63 0.158730158730159 -0.174603174603175 1.98412698412698
77.66 1.0952380952381 -0.0317460317460317 -0.126984126984127
77.7 0.0317460317460317 -0.0634920634920635 2.01587301587302
77.73 1.01587301587302 -0.0952380952380952 -0.603174603174603
77.76 0.222222222222222 -0.0158730158730159 1.87301587301587
77.8 0.666666666666667 -0.285714285714286 0.174603174603175
77.83 0.587301587301587 -0.0476190476190476 1.06349206349206
77.86 0.285714285714286 -0.365079365079365 1.38095238095238
77.9 0.920634920634921 -0.0952380952380952 0.301587301587302
77.93 0.317460317460317 -0.380952380952381 0.666666666666667
77.96 0.603174603174603 -0.0952380952380952 1
78.03 0.555555555555556 -0.126984126984127 0.888888888888889
78.16 0.555555555555556 -0.111111111111111 0.952380952380952
78.56 0.555555555555556 -0.142857142857143 0.936507936507937
78.96 0.53968253968254 -0.142857142857143 0.920634920634921
79.36 0.555555555555556 -0.142857142857143 0.936507936507937
79.76 0.53968253968254 -0.126984126984127 0.904761904761905
80.16 0.53968253968254 -0.126984126984127 0.920634920634921
80.56 0.555555555555556 -0.142857142857143 0.936507936507937
80.96 0.587301587301587 -0.0317460317460317 0.952380952380952
81 0.476190476190476 -0.301587301587302 1.07936507936508
81.03 0.587301587301587 -0.0634920634920635 0.761904761904762
81.06 0.571428571428571 -0.0634920634920635 0.857142857142857
81.1 0.523809523809524 -0.111111111111111 1.03174603174603
81.13 0.507936507936508 -0.126984126984127 0.968253968253968
81.2 0.555555555555556 -0.142857142857143 0.841269841269841
81.33 0.555555555555556 -0.111111111111111 0.904761904761905
81.4 0.53968253968254 -0.0793650793650794 0.968253968253968
81.46 0.555555555555556 -0.111111111111111 0.888888888888889
81.5 0.555555555555556 -0.142857142857143 0.825396825396825
81.63 0.571428571428571 -0.142857142857143 0.936507936507937
81.7 0.53968253968254 -0.0793650793650794 1
81.8 0.555555555555556 -0.126984126984127 0.888888888888889
81.83 0.53968253968254 -0.142857142857143 0.80952380952381
81.86 0.603174603174603 -0.142857142857143 0.825396825396825
81.9 0.587301587301587 -0.111111111111111 0.761904761904762
81.93 0.587301587301587 -0.111111111111111 0.857142857142857
81.96 0.571428571428571 -0.111111111111111 0.920634920634921
82 0.523809523809524 -0.0793650793650794 0.984126984126984
82.1 0.53968253968254 -0.158730158730159 0.984126984126984
82.16 0.571428571428571 -0.142857142857143 0.841269841269841
82.3 0.571428571428571 -0.111111111111111 0.936507936507937
82.43 0.555555555555556 -0.126984126984127 0.857142857142857
82.53 0.587301587301587 -0.126984126984127 0.777777777777778
82.56 0.587301587301587 -0.158730158730159 0.920634920634921
82.63 0.571428571428571 -0.158730158730159 0.984126984126984
82.76 0.53968253968254 -0.142857142857143 0.904761904761905
82.8 0.555555555555556 -0.126984126984127 0.841269841269841
82.93 0.571428571428571 -0.0952380952380952 0.952380952380952
83.06 0.555555555555556 -0.111111111111111 0.857142857142857
83.1 0.53968253968254 -0.158730158730159 0.920634920634921
83.26 0.555555555555556 -0.158730158730159 0.984126984126984
83.36 0.523809523809524 -0.126984126984127 0.904761904761905
83.4 0.555555555555556 -0.142857142857143 0.80952380952381
83.53 0.555555555555556 -0.0952380952380952 0.920634920634921
83.63 0.523809523809524 -0.126984126984127 1
83.7 0.555555555555556 -0.142857142857143 0.873015873015873
83.76 0.587301587301587 -0.158730158730159 0.793650793650794
83.83 0.571428571428571 -0.111111111111111 0.904761904761905
84.06 0.571428571428571 -0.111111111111111 0.841269841269841
84.1 0.523809523809524 -0.111111111111111 0.904761904761905
84.13 0.587301587301587 -0.142857142857143 0.904761904761905
84.16 0.53968253968254 -0.111111111111111 0.968253968253968
84.26 0.555555555555556 -0.111111111111111 0.888888888888889
84.3 0.555555555555556 -0.142857142857143 0.825396825396825
84.43 0.53968253968254 -0.0952380952380952 0.952380952380952
84.56 0.555555555555556 -0.174603174603175 0.904761904761905
84.63 0.571428571428571 -0.126984126984127 0.968253968253968
84.66 0.587301587301587 -0.111111111111111 0.793650793650794
84.73 0.555555555555556 -0.111111111111111 0.904761904761905
84.76 0.53968253968254 -0.0952380952380952 0.968253968253968
84.83 0.53968253968254 -0.126984126984127 0.904761904761905
85 0.53968253968254 -0.126984126984127 1
85.1 0.53968253968254 -0.158730158730159 0.920634920634921
85.13 0.555555555555556 -0.0793650793650794 0.968253968253968
85.16 0.571428571428571 -0.0952380952380952 0.888888888888889
85.2 0.587301587301587 -0.126984126984127 0.825396825396825
85.3 0.53968253968254 -0.126984126984127 0.904761904761905
85.33 0.523809523809524 -0.126984126984127 0.968253968253968
85.53 0.587301587301587 -0.142857142857143 0.952380952380952
85.6 0.523809523809524 -0.126984126984127 1.01587301587302
85.66 0.523809523809524 -0.158730158730159 0.952380952380952
85.83 0.587301587301587 -0.158730158730159 0.952380952380952
85.93 0.507936507936508 -0.126984126984127 1.03174603174603
86 0.53968253968254 -0.158730158730159 0.936507936507937
86.06 0.571428571428571 -0.142857142857143 0.857142857142857
86.13 0.571428571428571 -0.158730158730159 0.952380952380952
86.26 0.507936507936508 -0.126984126984127 0.984126984126984
86.36 0.571428571428571 -0.174603174603175 0.904761904761905
86.43 0.571428571428571 -0.158730158730159 0.968253968253968
86.46 0.603174603174603 -0.142857142857143 0.80952380952381
86.5 0.507936507936508 -0.174603174603175 0.746031746031746
86.53 0.507936507936508 -0.0793650793650794 0.873015873015873
86.6 0.587301587301587 -0.142857142857143 0.936507936507937
87 0.555555555555556 -0.142857142857143 0.920634920634921
87.4 0.571428571428571 -0.126984126984127 0.888888888888889
87.8 0.555555555555556 -0.142857142857143 0.920634920634921
88.2 0.571428571428571 -0.126984126984127 0.920634920634921
88.6 0.571428571428571 -0.142857142857143 0.920634920634921
89 0.555555555555556 -0.142857142857143 0.904761904761905
89.4 0.555555555555556 -0.111111111111111 0.952380952380952
89.53 0.507936507936508 -0.253968253968254 0.904761904761905
89.56 0.555555555555556 -0.111111111111111 1.04761904761905
89.6 0.555555555555556 -0.0793650793650794 0.952380952380952
89.63 0.571428571428571 -0.158730158730159 0.857142857142857
89.7 0.571428571428571 -0.206349206349206 0.793650793650794
89.8 0.555555555555556 -0.111111111111111 0.904761904761905
89.83 0.555555555555556 -0.142857142857143 0.793650793650794
89.96 0.523809523809524 -0.174603174603175 0.873015873015873
90.03 0.53968253968254 -0.0793650793650794 1.03174603174603
90.13 0.571428571428571 -0.0793650793650794 0.952380952380952
90.16 0.555555555555556 -0.126984126984127 0.825396825396825
90.2 0.571428571428571 -0.174603174603175 0.714285714285714
90.26 0.555555555555556 -0.0317460317460317 1
90.3 0.571428571428571 -0.111111111111111 0.904761904761905
90.33 0.571428571428571 -0.142857142857143 0.80952380952381
90.36 0.571428571428571 -0.206349206349206 0.793650793650794
90.43 0.555555555555556 -0.253968253968254 0.888888888888889
90.46 0.555555555555556 -0.158730158730159 0.968253968253968
90.5 0.53968253968254 -0.0793650793650794 1.04761904761905
90.6 0.571428571428571 -0.0952380952380952 0.968253968253968
90.63 0.571428571428571 -0.174603174603175 0.904761904761905
90.66 0.571428571428571 -0.222222222222222 0.80952380952381
90.73 0.571428571428571 -0.253968253968254 0.873015873015873
90.8 0.571428571428571 -0.174603174603175 0.793650793650794
90.83 0.571428571428571 -0.174603174603175 0.73015873015873
90.9 0.53968253968254 -0.126984126984127 0.857142857142857
90.93 0.53968253968254 -0.0793650793650794 0.952380952380952
90.96 0.555555555555556 -0.0317460317460317 1.01587301587302
91.03 0.571428571428571 -0.0952380952380952 0.984126984126984
91.06 0.587301587301587 -0.126984126984127 0.857142857142857
91.1 0.571428571428571 -0.19047619047619 0.777777777777778
91.16 0.555555555555556 -0.19047619047619 0.841269841269841
91.2 0.555555555555556 -0.111111111111111 0.873015873015873
91.23 0.53968253968254 -0.0634920634920635 0.952380952380952
91.26 0.523809523809524 -0.0476190476190476 1.04761904761905
91.3 0.555555555555556 -0.238095238095238 0.857142857142857
91.33 0.555555555555556 -0.19047619047619 0.968253968253968
91.36 0.555555555555556 -0.126984126984127 1.07936507936508
91.43 0.555555555555556 -0.0634920634920635 1.07936507936508
91.46 0.53968253968254 -0.0952380952380952 0.936507936507937
91.5 0.571428571428571 -0.174603174603175 0.888888888888889
91.53 0.571428571428571 -0.19047619047619 0.777777777777778
91.63 0.555555555555556 -0.126984126984127 1
91.66 0.53968253968254 -0.0634920634920635 1.06349206349206
91.73 0.571428571428571 -0.0317460317460317 1
91.76 0.587301587301587 -0.0952380952380952 0.904761904761905
91.8 0.555555555555556 -0.19047619047619 0.984126984126984
91.83 0.53968253968254 -0.0476190476190476 1.06349206349206
91.9 0.587301587301587 -0.111111111111111 0.936507936507937
91.93 0.571428571428571 -0.174603174603175 0.841269841269841
91.96 0.571428571428571 -0.222222222222222 0.777777777777778
92.03 0.53968253968254 -0.206349206349206 0.936507936507937
92.06 0.555555555555556 -0.142857142857143 1.04761904761905
92.13 0.53968253968254 -0.0634920634920635 1.07936507936508
92.16 0.555555555555556 -0.0793650793650794 1.01587301587302
92.2 0.555555555555556 -0.142857142857143 0.904761904761905
92.23 0.587301587301587 -0.222222222222222 0.80952380952381
92.33 0.571428571428571 -0.142857142857143 0.857142857142857
92.36 0.555555555555556 -0.158730158730159 0.73015873015873
92.43 0.53968253968254 -0.174603174603175 0.80952380952381
92.46 0.53968253968254 -0.0793650793650794 0.857142857142857
92.5 0.53968253968254 -0.0476190476190476 1.03174603174603
92.6 0.571428571428571 -0.0952380952380952 0.952380952380952
92.63 0.587301587301587 -0.158730158730159 0.841269841269841
92.66 0.587301587301587 -0.222222222222222 0.73015873015873
92.7 0.571428571428571 -0.238095238095238 0.793650793650794
92.73 0.555555555555556 -0.174603174603175 0.857142857142857
92.76 0.53968253968254 -0.126984126984127 0.968253968253968
92.8 0.523809523809524 -0.0476190476190476 1.04761904761905
92.83 0.587301587301587 -0.222222222222222 0.80952380952381
92.86 0.53968253968254 -0.206349206349206 0.904761904761905
92.9 0.53968253968254 -0.142857142857143 1.01587301587302
92.93 0.53968253968254 -0.0793650793650794 1.07936507936508
93 0.53968253968254 -0.0952380952380952 0.952380952380952
93.03 0.53968253968254 -0.142857142857143 0.857142857142857
93.06 0.571428571428571 -0.174603174603175 0.761904761904762
93.16 0.555555555555556 -0.126984126984127 0.920634920634921
93.2 0.53968253968254 -0.0634920634920635 1.03174603174603
93.3 0.555555555555556 -0.0952380952380952 0.888888888888889
93.33 0.587301587301587 -0.158730158730159 0.761904761904762
93.36 0.523809523809524 -0.0793650793650794 1.0952380952381
93.4 0.555555555555556 -0.0793650793650794 1.01587301587302
93.43 0.555555555555556 -0.111111111111111 0.952380952380952
93.46 0.571428571428571 -0.222222222222222 0.841269841269841
93.5 0.587301587301587 -0.238095238095238 0.761904761904762
93.53 0.571428571428571 -0.253968253968254 0.825396825396825
93.56 0.53968253968254 -0.206349206349206 0.952380952380952
93.6 0.555555555555556 -0.126984126984127 1.04761904761905
93.63 0.53968253968254 -0.0793650793650794 1.12698412698413
93.7 0.555555555555556 -0.0793650793650794 0.984126984126984
93.73 0.555555555555556 -0.158730158730159 0.873015873015873
93.76 0.571428571428571 -0.206349206349206 0.746031746031746
93.83 0.53968253968254 -0.174603174603175 0.825396825396825
93.86 0.555555555555556 -0.126984126984127 0.952380952380952
93.9 0.555555555555556 -0.206349206349206 0.73015873015873
93.96 0.53968253968254 -0.19047619047619 0.857142857142857
94 0.555555555555556 -0.0793650793650794 0.952380952380952
94.06 0.523809523809524 -0.0476190476190476 1.06349206349206
94.1 0.555555555555556 -0.0634920634920635 0.984126984126984
94.13 0.571428571428571 -0.142857142857143 0.873015873015873
94.16 0.587301587301587 -0.206349206349206 0.777777777777778
94.23 0.571428571428571 -0.253968253968254 0.857142857142857
94.26 0.571428571428571 -0.174603174603175 0.984126984126984
94.3 0.555555555555556 -0.111111111111111 1.0952380952381
94.36 0.53968253968254 -0.0793650793650794 1.03174603174603
94.4 0.53968253968254 -0.126984126984127 0.904761904761905
94.43 0.523809523809524 -0.0476190476190476 1.04761904761905
94.53 0.555555555555556 -0.0952380952380952 0.873015873015873
94.56 0.555555555555556 -0.19047619047619 0.73015873015873
94.66 0.555555555555556 -0.111111111111111 0.857142857142857
94.7 0.53968253968254 -0.0793650793650794 0.968253968253968
94.73 0.523809523809524 -0.0476190476190476 1.04761904761905
94.8 0.571428571428571 -0.0952380952380952 0.936507936507937
94.83 0.587301587301587 -0.158730158730159 0.841269841269841
94.86 0.587301587301587 -0.206349206349206 0.777777777777778
94.93 0.571428571428571 -0.222222222222222 0.904761904761905
94.96 0.555555555555556 -0.158730158730159 0.825396825396825
95 0.571428571428571 -0.206349206349206 0.761904761904762
95.03 0.555555555555556 -0.0793650793650794 0.698412698412698
95.06 0.587301587301587 -0.206349206349206 0.936507936507937
95.1 0.555555555555556 -0.0952380952380952 0.936507936507937
95.13 0.555555555555556 -0.158730158730159 0.920634920634921
95.53 0.555555555555556 -0.142857142857143 0.904761904761905
95.93 0.53968253968254 -0.126984126984127 0.936507936507937
96.33 0.555555555555556 -0.142857142857143 0.920634920634921
96.73 0.555555555555556 -0.142857142857143 0.904761904761905
97.13 0.555555555555556 -0.158730158730159 0.920634920634921
97.53 0.53968253968254 -0.126984126984127 0.920634920634921
97.93 0.555555555555556 -0.142857142857143 0.936507936507937
98.33 0.53968253968254 -0.126984126984127 0.936507936507937
98.56 0.555555555555556 -0.158730158730159 0.857142857142857
98.6 0.555555555555556 -0.142857142857143 0.920634920634921
99 0.53968253968254 -0.19047619047619 0.888888888888889
99.16 0.587301587301587 -0.142857142857143 0.968253968253968
99.26 0.571428571428571 -0.126984126984127 0.904761904761905
99.6 0.571428571428571 -0.142857142857143 0.984126984126984
99.63 0.571428571428571 -0.126984126984127 0.904761904761905
99.66 0.571428571428571 -0.126984126984127 0.968253968253968
99.7 0.571428571428571 -0.126984126984127 0.857142857142857
99.73 0.555555555555556 -0.142857142857143 0.968253968253968
99.76 0.555555555555556 -0.142857142857143 0.80952380952381
99.8 0.53968253968254 -0.126984126984127 0.952380952380952
99.93 0.53968253968254 -0.142857142857143 0.888888888888889
99.96 0.571428571428571 -0.126984126984127 0.952380952380952
100 0.555555555555556 -0.158730158730159 0.888888888888889
100.03 0.587301587301587 -0.142857142857143 1.01587301587302
100.06 0.555555555555556 -0.126984126984127 0.873015873015873
100.1 0.555555555555556 -0.142857142857143 1
100.13 0.571428571428571 -0.126984126984127 0.873015873015873
100.2 0.555555555555556 -0.126984126984127 0.952380952380952
100.3 0.571428571428571 -0.142857142857143 0.857142857142857
100.33 0.571428571428571 -0.142857142857143 0.968253968253968
100.36 0.587301587301587 -0.111111111111111 0.888888888888889
100.63 0.571428571428571 -0.126984126984127 0.968253968253968
100.66 0.53968253968254 -0.142857142857143 0.888888888888889
100.73 0.555555555555556 -0.126984126984127 0.952380952380952
100.76 0.53968253968254 -0.158730158730159 0.888888888888889
100.8 0.555555555555556 -0.126984126984127 0.952380952380952
100.83 0.555555555555556 -0.126984126984127 0.888888888888889
100.86 0.555555555555556 -0.126984126984127 0.984126984126984
100.9 0.555555555555556 -0.126984126984127 0.873015873015873
100.93 0.555555555555556 -0.142857142857143 1.01587301587302
100.96 0.571428571428571 -0.142857142857143 0.857142857142857
101 0.571428571428571 -0.142857142857143 0.984126984126984
101.03 0.571428571428571 -0.126984126984127 0.873015873015873
101.06 0.53968253968254 -0.142857142857143 0.968253968253968
101.1 0.571428571428571 -0.111111111111111 0.857142857142857
101.13 0.53968253968254 -0.126984126984127 0.936507936507937
101.33 0.555555555555556 -0.142857142857143 0.857142857142857
101.36 0.53968253968254 -0.126984126984127 0.920634920634921
101.66 0.555555555555556 -0.158730158730159 1.03174603174603
101.7 0.571428571428571 -0.142857142857143 0.857142857142857
101.76 0.555555555555556 -0.142857142857143 0.952380952380952
101.86 0.571428571428571 -0.126984126984127 0.873015873015873
101.9 0.571428571428571 -0.158730158730159 1.01587301587302
101.93 0.555555555555556 -0.142857142857143 0.888888888888889
101.96 0.555555555555556 -0.142857142857143 0.952380952380952
102 0.571428571428571 -0.126984126984127 0.841269841269841
102.03 0.555555555555556 -0.126984126984127 0.968253968253968
102.06 0.571428571428571 -0.126984126984127 0.873015873015873
102.1 0.53968253968254 -0.142857142857143 0.936507936507937
102.13 0.571428571428571 -0.126984126984127 0.857142857142857
102.16 0.53968253968254 -0.142857142857143 0.920634920634921
102.36 0.571428571428571 -0.126984126984127 0.857142857142857
102.4 0.555555555555556 -0.142857142857143 0.920634920634921
102.43 0.555555555555556 -0.126984126984127 0.857142857142857
102.46 0.53968253968254 -0.126984126984127 0.920634920634921
102.7 0.571428571428571 -0.142857142857143 1
102.73 0.555555555555556 -0.126984126984127 0.888888888888889
102.76 0.555555555555556 -0.111111111111111 0.952380952380952
102.9 0.53968253968254 -0.142857142857143 0.888888888888889
102.93 0.571428571428571 -0.142857142857143 0.968253968253968
102.96 0.555555555555556 -0.126984126984127 0.888888888888889
103 0.555555555555556 -0.126984126984127 0.968253968253968
103.1 0.555555555555556 -0.142857142857143 0.873015873015873
103.13 0.555555555555556 -0.142857142857143 0.968253968253968
103.16 0.571428571428571 -0.126984126984127 0.888888888888889
103.2 0.571428571428571 -0.142857142857143 1.01587301587302
103.23 0.555555555555556 -0.142857142857143 0.841269841269841
103.26 0.555555555555556 -0.142857142857143 0.952380952380952
103.3 0.571428571428571 -0.142857142857143 0.873015873015873
103.36 0.555555555555556 -0.142857142857143 0.968253968253968
103.4 0.571428571428571 -0.158730158730159 0.904761904761905
103.43 0.571428571428571 -0.158730158730159 0.984126984126984
103.46 0.555555555555556 -0.142857142857143 0.873015873015873
103.5 0.571428571428571 -0.142857142857143 0.984126984126984
103.53 0.571428571428571 -0.142857142857143 0.888888888888889
103.63 0.555555555555556 -0.158730158730159 0.952380952380952
103.73 0.571428571428571 -0.126984126984127 0.888888888888889
103.8 0.555555555555556 -0.142857142857143 0.952380952380952
104.2 0.555555555555556 -0.126984126984127 0.920634920634921
104.6 0.555555555555556 -0.142857142857143 0.904761904761905
105 0.555555555555556 -0.142857142857143 0.920634920634921
105.4 0.53968253968254 -0.142857142857143 0.904761904761905
105.8 0.555555555555556 -0.142857142857143 0.936507936507937
106.2 0.53968253968254 -0.126984126984127 0.936507936507937
106.6 0.571428571428571 -0.158730158730159 0.936507936507937
107 0.555555555555556 -0.158730158730159 0.904761904761905
107.4 0.555555555555556 -0.126984126984127 0.936507936507937
107.8 0.53968253968254 -0.126984126984127 0.936507936507937
108.2 0.555555555555556 -0.126984126984127 0.920634920634921
108.6 0.571428571428571 -0.126984126984127 0.920634920634921
109 0.555555555555556 -0.142857142857143 0.904761904761905
109.4 0.571428571428571 -0.142857142857143 0.920634920634921
109.8 0.555555555555556 -0.126984126984127 0.920634920634921
110.2 0.555555555555556 -0.126984126984127 0.904761904761905
110.6 0.571428571428571 -0.126984126984127 0.936507936507937
110.96 0.53968253968254 -0.142857142857143 0.873015873015873
111.06 0.555555555555556 -0.142857142857143 0.952380952380952
111.2 0.53968253968254 -0.142857142857143 0.888888888888889
111.26 0.53968253968254 -0.126984126984127 0.952380952380952
111.53 0.555555555555556 -0.158730158730159 0.888888888888889
111.86 0.555555555555556 -0.142857142857143 0.952380952380952
112 0.555555555555556 -0.142857142857143 0.888888888888889
112.4 0.571428571428571 -0.158730158730159 0.936507936507937
112.8 0.555555555555556 -0.142857142857143 0.904761904761905
113.2 0.53968253968254 -0.142857142857143 0.904761904761905
113.6 0.555555555555556 -0.111111111111111 0.904761904761905
114 0.555555555555556 -0.126984126984127 0.920634920634921
114.4 0.555555555555556 -0.142857142857143 0.920634920634921
114.8 0.571428571428571 -0.142857142857143 0.936507936507937
115.2 0.555555555555556 -0.174603174603175 0.920634920634921
115.4 0.555555555555556 -0.111111111111111 0.920634920634921
115.8 0.555555555555556 -0.126984126984127 0.936507936507937
116.2 0.555555555555556 -0.158730158730159 0.888888888888889
116.6 0.555555555555556 -0.126984126984127 0.904761904761905
117 0.555555555555556 -0.158730158730159 0.920634920634921
117.4 0.571428571428571 -0.142857142857143 0.920634920634921
117.8 0.555555555555556 -0.142857142857143 0.936507936507937
118.16 0.555555555555556 -0.126984126984127 0.857142857142857
118.26 0.555555555555556 -0.126984126984127 0.936507936507937
118.66 0.571428571428571 -0.158730158730159 0.920634920634921
119.06 0.53968253968254 -0.126984126984127 0.888888888888889
119.46 0.53968253968254 -0.111111111111111 0.904761904761905
119.66 0.571428571428571 -0.174603174603175 0.904761904761905
