15 0 32 865
15 0 41 319

8.632 0.142857142857143 -0.0158730158730159 1.01587301587302
9.032 0.158730158730159 0 1.01587301587302
9.332 0.158730158730159 0.0158730158730159 1.07936507936508
9.399 0.158730158730159 -0.0317460317460317 1.01587301587302
9.799 0.174603174603175 -0.0317460317460317 0.984126984126984
10.332 0.158730158730159 0 1.01587301587302
10.732 0.158730158730159 0.0158730158730159 1.03174603174603
11.099 0.158730158730159 -0.0476190476190476 1
11.499 0.174603174603175 -0.0317460317460317 1
11.732 0.158730158730159 0.0317460317460317 1.03174603174603
12.132 0.142857142857143 -0.0158730158730159 1.01587301587302
12.532 0.158730158730159 -0.0158730158730159 1.01587301587302
12.932 0.174603174603175 -0.0158730158730159 0.984126984126984
13.132 0.142857142857143 0 1.04761904761905
13.532 0.158730158730159 -0.0317460317460317 1.01587301587302
13.932 0.158730158730159 -0.0158730158730159 1.04761904761905
14.332 0.158730158730159 -0.0158730158730159 1.01587301587302
14.732 0.158730158730159 0 1.04761904761905
15.132 0.174603174603175 -0.0158730158730159 1.01587301587302
15.532 0.174603174603175 -0.0317460317460317 1
15.932 0.158730158730159 -0.0158730158730159 1
16.332 0.174603174603175 -0.0158730158730159 1.01587301587302
16.732 0.158730158730159 0 1.04761904761905
17.065 0.158730158730159 -0.0158730158730159 0.984126984126984
17.165 0.111111111111111 -0.0793650793650794 0.952380952380952
17.232 0.142857142857143 0.0317460317460317 1.04761904761905
17.332 0.142857142857143 0.0158730158730159 0.984126984126984
17.365 0.158730158730159 0.0158730158730159 1.06349206349206
17.499 0.19047619047619 -0.0317460317460317 0.984126984126984
17.599 0.158730158730159 0 1.06349206349206
17.665 0.174603174603175 -0.0476190476190476 1
17.732 0.158730158730159 0.0317460317460317 1
17.932 0.158730158730159 -0.0634920634920635 1
17.999 0.19047619047619 0.0158730158730159 1
18.099 0.126984126984127 -0.0158730158730159 1
18.165 0.19047619047619 -0.0158730158730159 0.984126984126984
18.265 0.142857142857143 0.0158730158730159 1.04761904761905
18.299 0.158730158730159 -0.0476190476190476 1.03174603174603
18.465 0.158730158730159 0.0158730158730159 1.01587301587302
18.599 0.19047619047619 -0.0476190476190476 0.984126984126984
18.665 0.142857142857143 0.0317460317460317 1.01587301587302
18.732 0.158730158730159 -0.0317460317460317 1.01587301587302
19.132 0.158730158730159 0.0158730158730159 1.04761904761905
19.199 0.158730158730159 -0.0476190476190476 1.01587301587302
19.265 0.174603174603175 0.0158730158730159 1
19.299 0.126984126984127 0.0476190476190476 1.06349206349206
19.332 0.142857142857143 -0.0158730158730159 1.03174603174603
19.732 0.158730158730159 0 1.04761904761905
20.132 0.174603174603175 -0.0317460317460317 1.03174603174603
20.332 0.174603174603175 0 0.968253968253968
20.365 0.142857142857143 0 1.03174603174603
20.765 0.174603174603175 -0.0317460317460317 1.01587301587302
21.165 0.174603174603175 -0.0634920634920635 1.01587301587302
21.232 0.158730158730159 0.0158730158730159 1
21.465 0.142857142857143 0.0158730158730159 1.07936507936508
21.632 0.174603174603175 -0.0317460317460317 0.984126984126984
21.699 0.158730158730159 0.0317460317460317 1.01587301587302
21.765 0.158730158730159 -0.0317460317460317 1.03174603174603
21.865 0.174603174603175 0.0317460317460317 1.01587301587302
21.965 0.142857142857143 -0.0317460317460317 1
22.199 0.174603174603175 0.0158730158730159 1.07936507936508
22.232 0.126984126984127 0 1
22.632 0.158730158730159 -0.0158730158730159 1
22.765 0.142857142857143 0 1.06349206349206
22.832 0.158730158730159 0 1
23.232 0.158730158730159 0 1.03174603174603
23.632 0.158730158730159 0 1.01587301587302
24.032 0.158730158730159 0 1.01587301587302
24.432 0.158730158730159 0 1.03174603174603
24.832 0.158730158730159 0 1.01587301587302
25.232 0.142857142857143 -0.0158730158730159 1.03174603174603
25.632 0.111111111111111 0 1.01587301587302
25.665 0.19047619047619 0.0317460317460317 1.03174603174603
26.065 0.158730158730159 0 1.03174603174603
26.465 0.158730158730159 -0.0158730158730159 1.03174603174603
26.865 0.158730158730159 -0.0158730158730159 0.984126984126984
26.898 0.142857142857143 0 1.06349206349206
26.932 0.174603174603175 0 1
27.332 0.158730158730159 -0.0158730158730159 1.04761904761905
27.365 0.158730158730159 -0.0158730158730159 0.984126984126984
27.398 0.158730158730159 0 1.04761904761905
27.565 0.174603174603175 -0.0158730158730159 0.984126984126984
27.898 0.174603174603175 -0.0158730158730159 1.04761904761905
28.198 0.142857142857143 0 0.984126984126984
28.298 0.158730158730159 -0.0158730158730159 1.04761904761905
28.465 0.174603174603175 0 0.952380952380952
28.498 0.174603174603175 -0.0158730158730159 1.01587301587302
28.898 0.158730158730159 0 0.984126984126984
28.998 0.158730158730159 0 1.06349206349206
29.098 0.158730158730159 -0.0158730158730159 0.984126984126984
29.432 0.19047619047619 0.0158730158730159 1.04761904761905
29.632 0.19047619047619 0.0158730158730159 1.03174603174603
29.665 0.126984126984127 -0.0317460317460317 1.03174603174603
29.698 0.19047619047619 0 1.03174603174603
30.098 0.158730158730159 -0.0158730158730159 1.03174603174603
31.265 0.174603174603175 0 1.01587301587302
31.665 0.158730158730159 0 1.01587301587302
32.065 0.158730158730159 0 1.03174603174603
32.465 0.158730158730159 0.0158730158730159 1.01587301587302
32.865 0.158730158730159 -0.0158730158730159 1.01587301587302
33.265 0.158730158730159 -0.0158730158730159 1.03174603174603
33.665 0.158730158730159 -0.0158730158730159 1.03174603174603
34.065 0.158730158730159 -0.0158730158730159 1
34.231 0.253968253968254 0.0476190476190476 1.03174603174603
34.265 0.174603174603175 -0.0634920634920635 0.952380952380952
34.298 0.111111111111111 0.0634920634920635 1.07936507936508
34.331 0.222222222222222 -0.0476190476190476 0.968253968253968
34.365 0.126984126984127 0.0158730158730159 1.0952380952381
34.398 0.222222222222222 -0.0317460317460317 0.968253968253968
34.431 0.111111111111111 0.0158730158730159 1.11111111111111
34.465 0.238095238095238 0 0.984126984126984
34.498 0.111111111111111 0.0158730158730159 1.06349206349206
34.531 0.206349206349206 -0.0158730158730159 1
34.565 0.111111111111111 0 1.04761904761905
34.598 0.238095238095238 -0.0158730158730159 0.984126984126984
34.631 0.0952380952380952 -0.0158730158730159 1.03174603174603
34.665 0.222222222222222 -0.0158730158730159 0.984126984126984
34.698 0.0793650793650794 -0.0317460317460317 1.04761904761905
34.731 0.238095238095238 0.0317460317460317 1.04761904761905
34.765 0.206349206349206 -0.0476190476190476 0.968253968253968
34.798 0.126984126984127 0.0317460317460317 1.11111111111111
34.831 0.19047619047619 -0.0634920634920635 0.920634920634921
34.865 0.111111111111111 0.0317460317460317 1.06349206349206
34.898 0.206349206349206 -0.0634920634920635 0.968253968253968
34.931 0.142857142857143 0.0476190476190476 1.07936507936508
34.965 0.206349206349206 -0.0634920634920635 0.952380952380952
34.998 0.111111111111111 0.0476190476190476 1.07936507936508
35.031 0.206349206349206 -0.0317460317460317 0.984126984126984
35.065 0.126984126984127 0.0317460317460317 1.07936507936508
35.098 0.222222222222222 -0.0476190476190476 0.984126984126984
35.131 0.111111111111111 0.0317460317460317 1.06349206349206
35.165 0.238095238095238 -0.0158730158730159 1
35.198 0.111111111111111 0.0158730158730159 1.06349206349206
35.231 0.174603174603175 -0.0476190476190476 0.952380952380952
35.265 0.111111111111111 0 1.06349206349206
35.298 0.19047619047619 0.142857142857143 1.12698412698413
35.331 0.158730158730159 -0.126984126984127 0.952380952380952
35.365 0.19047619047619 0.111111111111111 1.14285714285714
35.398 0.142857142857143 -0.142857142857143 0.920634920634921
35.431 0.158730158730159 0.0952380952380952 1.12698412698413
35.465 0.174603174603175 -0.0952380952380952 0.936507936507937
35.498 0.19047619047619 0.0793650793650794 1.14285714285714
35.531 0.126984126984127 -0.142857142857143 0.936507936507937
35.565 0.174603174603175 0.111111111111111 1.11111111111111
35.598 0.174603174603175 -0.142857142857143 0.936507936507937
35.631 0.19047619047619 0.0952380952380952 1.14285714285714
35.665 0.174603174603175 -0.126984126984127 0.904761904761905
35.698 0.174603174603175 0.126984126984127 1.12698412698413
35.731 0.158730158730159 -0.111111111111111 0.920634920634921
35.765 0.174603174603175 0.0952380952380952 1.14285714285714
35.831 0.0952380952380952 -0.158730158730159 0.920634920634921
35.865 0.238095238095238 0.126984126984127 1.11111111111111
35.898 0.0952380952380952 -0.158730158730159 0.904761904761905
35.931 0.253968253968254 0.126984126984127 1.11111111111111
35.965 0.0952380952380952 -0.19047619047619 0.920634920634921
35.998 0.222222222222222 0.158730158730159 1.12698412698413
36.031 0.0952380952380952 -0.142857142857143 0.888888888888889
36.065 0.238095238095238 0.126984126984127 1.14285714285714
36.098 0.0952380952380952 -0.174603174603175 0.920634920634921
36.131 0.222222222222222 0.126984126984127 1.14285714285714
36.165 0.111111111111111 -0.111111111111111 0.888888888888889
36.198 0.253968253968254 0.111111111111111 1.12698412698413
36.231 0.0793650793650794 -0.158730158730159 0.936507936507937
36.265 0.26984126984127 0.142857142857143 1.11111111111111
36.298 0.111111111111111 -0.142857142857143 0.920634920634921
36.331 0.253968253968254 -0.0793650793650794 0.968253968253968
36.365 0.253968253968254 0.0793650793650794 1.07936507936508
36.398 0.0793650793650794 -0.0634920634920635 0.968253968253968
36.431 0.253968253968254 0.0793650793650794 1.06349206349206
36.465 0.0793650793650794 -0.0476190476190476 0.984126984126984
36.498 0.253968253968254 0.0158730158730159 1.06349206349206
36.531 0.0793650793650794 -0.0793650793650794 1.01587301587302
36.565 0.26984126984127 0.0476190476190476 1.03174603174603
36.598 0.0793650793650794 -0.0317460317460317 1.03174603174603
36.631 0.285714285714286 0.0476190476190476 1.03174603174603
36.698 0.253968253968254 0.0476190476190476 1.01587301587302
36.731 0.0793650793650794 -0.0634920634920635 1.03174603174603
36.765 0.26984126984127 0.0158730158730159 1.04761904761905
36.798 0.0952380952380952 -0.0317460317460317 1.01587301587302
36.831 0.253968253968254 0.0317460317460317 0.984126984126984
36.865 0.206349206349206 -0.0634920634920635 0.936507936507937
36.898 0.142857142857143 0.0793650793650794 1.0952380952381
36.931 0.206349206349206 -0.0952380952380952 0.936507936507937
36.965 0.142857142857143 0.0793650793650794 1.11111111111111
36.998 0.174603174603175 -0.0793650793650794 0.920634920634921
37.031 0.158730158730159 0.0793650793650794 1.14285714285714
37.065 0.158730158730159 -0.0952380952380952 0.920634920634921
37.098 0.142857142857143 0.0793650793650794 1.06349206349206
37.131 0.158730158730159 -0.0952380952380952 0.936507936507937
37.165 0.19047619047619 0.0952380952380952 1.14285714285714
37.198 0.174603174603175 -0.126984126984127 0.920634920634921
37.231 0.174603174603175 0.111111111111111 1.12698412698413
37.265 0.174603174603175 -0.126984126984127 0.920634920634921
37.298 0.19047619047619 0.111111111111111 1.14285714285714
37.331 0.174603174603175 -0.142857142857143 0.904761904761905
37.365 0.174603174603175 0.111111111111111 1.14285714285714
37.398 0.238095238095238 0.126984126984127 1.12698412698413
37.431 0.111111111111111 -0.158730158730159 0.904761904761905
37.465 0.253968253968254 0.0952380952380952 1.14285714285714
37.498 0.0952380952380952 -0.19047619047619 0.936507936507937
37.531 0.238095238095238 0.142857142857143 1.11111111111111
37.565 0.0952380952380952 -0.142857142857143 0.904761904761905
37.598 0.253968253968254 0.158730158730159 1.12698412698413
37.631 0.0952380952380952 -0.158730158730159 0.904761904761905
37.665 0.238095238095238 0.126984126984127 1.0952380952381
37.698 0.0952380952380952 -0.126984126984127 0.952380952380952
37.731 0.253968253968254 0.0793650793650794 1.11111111111111
37.765 0.0793650793650794 -0.142857142857143 0.920634920634921
37.798 0.253968253968254 0.126984126984127 1.0952380952381
37.831 0.0793650793650794 -0.111111111111111 0.952380952380952
37.865 0.111111111111111 -0.0158730158730159 1.06349206349206
37.898 0.238095238095238 0.0317460317460317 1.04761904761905
37.931 0.0952380952380952 -0.0317460317460317 1.01587301587302
37.965 0.238095238095238 0 1.01587301587302
37.998 0.111111111111111 0 1.04761904761905
38.031 0.222222222222222 -0.0317460317460317 0.984126984126984
38.065 0.111111111111111 0.0158730158730159 1.07936507936508
38.098 0.222222222222222 -0.0476190476190476 0.968253968253968
38.131 0.126984126984127 0.0476190476190476 1.07936507936508
38.165 0.222222222222222 -0.0634920634920635 0.968253968253968
38.231 0.222222222222222 -0.0476190476190476 0.952380952380952
38.265 0.142857142857143 0.0476190476190476 1.12698412698413
38.298 0.19047619047619 -0.0793650793650794 0.936507936507937
38.331 0.126984126984127 0.0634920634920635 1.0952380952381
38.365 0.174603174603175 -0.0793650793650794 0.920634920634921
38.398 0.158730158730159 0.0793650793650794 1.12698412698413
38.431 0.238095238095238 0.111111111111111 1.14285714285714
38.465 0.142857142857143 -0.174603174603175 0.888888888888889
38.498 0.238095238095238 0.142857142857143 1.12698412698413
38.531 0.111111111111111 -0.142857142857143 0.920634920634921
38.565 0.238095238095238 0.126984126984127 1.14285714285714
38.598 0.0952380952380952 -0.174603174603175 0.904761904761905
38.665 0.111111111111111 -0.142857142857143 0.904761904761905
38.698 0.238095238095238 0.0952380952380952 1.12698412698413
38.731 0.0952380952380952 -0.158730158730159 0.952380952380952
38.765 0.253968253968254 0.142857142857143 1.0952380952381
38.798 0.0952380952380952 -0.142857142857143 0.952380952380952
38.831 0.26984126984127 0.142857142857143 1.12698412698413
38.865 0.0793650793650794 -0.174603174603175 0.936507936507937
38.898 0.238095238095238 0.126984126984127 1.0952380952381
38.931 0.0793650793650794 -0.111111111111111 0.920634920634921
38.965 0.0952380952380952 -0.0158730158730159 1.03174603174603
38.998 0.253968253968254 0 1.03174603174603
39.031 0.0793650793650794 -0.0158730158730159 1.03174603174603
39.065 0.253968253968254 0.0317460317460317 1
39.098 0.111111111111111 0 1.07936507936508
39.131 0.253968253968254 0 0.968253968253968
39.165 0.0952380952380952 -0.0158730158730159 1.06349206349206
39.198 0.222222222222222 -0.0158730158730159 1
39.231 0.126984126984127 0.0158730158730159 1.03174603174603
39.265 0.222222222222222 -0.0317460317460317 0.952380952380952
39.298 0.126984126984127 0.0317460317460317 1.07936507936508
39.331 0.222222222222222 -0.0634920634920635 0.952380952380952
39.365 0.142857142857143 0.0317460317460317 1.0952380952381
39.398 0.222222222222222 -0.0476190476190476 1.01587301587302
39.431 0.158730158730159 -0.0317460317460317 1.01587301587302
39.831 0.174603174603175 0 0.984126984126984
39.998 0.174603174603175 -0.0476190476190476 1.04761904761905
40.131 0.174603174603175 -0.0158730158730159 0.984126984126984
40.165 0.174603174603175 -0.0158730158730159 1.04761904761905
40.565 0.158730158730159 0.0158730158730159 1.01587301587302
41.365 0.158730158730159 -0.0158730158730159 1.03174603174603
41.764 0.158730158730159 -0.0158730158730159 1.06349206349206
41.831 0.158730158730159 -0.0317460317460317 1
42.231 0.174603174603175 0 1.01587301587302
42.631 0.174603174603175 0 1.03174603174603
42.731 0.238095238095238 0.0317460317460317 1.04761904761905
42.764 0.19047619047619 -0.0476190476190476 1
42.798 0.0952380952380952 0.0317460317460317 1.01587301587302
42.831 0.126984126984127 -0.0476190476190476 0.952380952380952
42.864 0.222222222222222 0 1
42.898 0.19047619047619 0 1.06349206349206
42.931 0.142857142857143 0 1
42.998 0.206349206349206 -0.0317460317460317 1.01587301587302
43.198 0.174603174603175 -0.0158730158730159 1.07936507936508
43.231 0.174603174603175 -0.0158730158730159 1
43.331 0.158730158730159 -0.0158730158730159 1.07936507936508
43.364 0.158730158730159 -0.0158730158730159 1.01587301587302
43.531 0.174603174603175 -0.0317460317460317 1.07936507936508
43.764 0.174603174603175 0 0.984126984126984
43.798 0.142857142857143 -0.0317460317460317 1.04761904761905
43.898 0.158730158730159 -0.0317460317460317 0.968253968253968
44.131 0.174603174603175 0 1.03174603174603
44.531 0.158730158730159 -0.0158730158730159 1.06349206349206
44.664 0.158730158730159 -0.0158730158730159 0.968253968253968
45.064 0.174603174603175 -0.0158730158730159 1
45.464 0.174603174603175 -0.0158730158730159 1
45.864 0.158730158730159 -0.0158730158730159 1.03174603174603
46.264 0.174603174603175 -0.0317460317460317 1.04761904761905
46.664 0.158730158730159 -0.0158730158730159 1.06349206349206
47.064 0.158730158730159 -0.0317460317460317 1.03174603174603
47.464 0.158730158730159 -0.0158730158730159 1.03174603174603
47.498 0.19047619047619 -0.0317460317460317 0.968253968253968
47.531 0.174603174603175 0 1.03174603174603
47.931 0.158730158730159 0.0476190476190476 0.984126984126984
47.964 0.126984126984127 -0.0158730158730159 1.01587301587302
48.431 0.158730158730159 -0.0158730158730159 1
48.831 0.174603174603175 0 1.01587301587302
49.231 0.158730158730159 0 1.03174603174603
49.631 0.158730158730159 -0.0158730158730159 1.03174603174603
50.031 0.174603174603175 0 1
50.431 0.174603174603175 -0.0158730158730159 1.01587301587302
50.831 0.174603174603175 -0.0317460317460317 1.03174603174603
51.164 0.0793650793650794 -0.0158730158730159 0.984126984126984
51.197 0.142857142857143 0.0317460317460317 1
51.264 0.174603174603175 -0.111111111111111 1.11111111111111
51.297 0.206349206349206 0.0634920634920635 0.968253968253968
51.331 0.253968253968254 -0.142857142857143 1.04761904761905
51.364 0.126984126984127 0.0634920634920635 1.06349206349206
51.397 0.19047619047619 -0.0158730158730159 0.936507936507937
51.431 0.158730158730159 -0.0793650793650794 1.0952380952381
51.464 0.174603174603175 0.111111111111111 0.952380952380952
51.497 0.222222222222222 -0.126984126984127 1.01587301587302
51.531 0.126984126984127 0.0634920634920635 1.03174603174603
51.564 0.158730158730159 -0.0476190476190476 0.936507936507937
51.597 0.174603174603175 -0.0634920634920635 1.11111111111111
51.631 0.238095238095238 0.0793650793650794 0.968253968253968
51.664 0.222222222222222 -0.142857142857143 1.11111111111111
51.697 0.142857142857143 0.0952380952380952 1
51.764 0.206349206349206 -0.0793650793650794 0.984126984126984
51.797 0.126984126984127 -0.0317460317460317 1.07936507936508
51.831 0.142857142857143 0.0634920634920635 0.920634920634921
51.864 0.174603174603175 -0.111111111111111 1.06349206349206
51.897 0.206349206349206 0.0952380952380952 1
51.931 0.253968253968254 -0.111111111111111 1.04761904761905
51.964 0.126984126984127 0.0317460317460317 1.07936507936508
51.997 0.19047619047619 -0.0317460317460317 0.920634920634921
52.031 0.19047619047619 -0.111111111111111 1.12698412698413
52.064 0.158730158730159 0.111111111111111 0.968253968253968
52.097 0.19047619047619 -0.111111111111111 1.03174603174603
52.131 0.126984126984127 0.0158730158730159 1.06349206349206
52.164 0.158730158730159 0.0158730158730159 0.873015873015873
52.197 0.174603174603175 -0.111111111111111 1.07936507936508
52.231 0.222222222222222 0.0952380952380952 0.968253968253968
52.264 0.158730158730159 0.0952380952380952 0.888888888888889
52.297 0.206349206349206 -0.158730158730159 1.06349206349206
52.364 0.206349206349206 0 1
52.397 0.158730158730159 -0.0793650793650794 1.11111111111111
52.431 0.126984126984127 0.0793650793650794 0.888888888888889
52.464 0.158730158730159 -0.126984126984127 1.04761904761905
52.497 0.19047619047619 0.0476190476190476 1.03174603174603
52.531 0.253968253968254 -0.0158730158730159 1
52.564 0.158730158730159 -0.0634920634920635 1.11111111111111
52.597 0.174603174603175 0.0476190476190476 0.904761904761905
52.631 0.174603174603175 -0.142857142857143 1.0952380952381
52.664 0.158730158730159 0.0952380952380952 1.04761904761905
52.697 0.238095238095238 -0.0476190476190476 1
52.731 0.142857142857143 -0.0476190476190476 1.07936507936508
52.764 0.126984126984127 0.0793650793650794 1.07936507936508
52.797 0.238095238095238 0.0793650793650794 0.968253968253968
52.831 0.206349206349206 -0.126984126984127 1.14285714285714
52.864 0.142857142857143 0.0793650793650794 0.952380952380952
52.897 0.206349206349206 -0.0952380952380952 0.968253968253968
52.931 0.158730158730159 -0.0158730158730159 1.0952380952381
52.964 0.206349206349206 0.0793650793650794 0.968253968253968
52.997 0.19047619047619 -0.126984126984127 1.14285714285714
53.031 0.0952380952380952 0.0952380952380952 0.968253968253968
53.064 0.174603174603175 -0.0952380952380952 0.936507936507937
53.097 0.174603174603175 -0.0317460317460317 1.0952380952381
53.131 0.238095238095238 0.0476190476190476 0.952380952380952
53.164 0.158730158730159 -0.111111111111111 1.12698412698413
53.197 0.158730158730159 0.0793650793650794 0.936507936507937
53.231 0.206349206349206 -0.0952380952380952 1.01587301587302
53.297 0.238095238095238 0.0793650793650794 0.968253968253968
53.331 0.142857142857143 0.0634920634920635 0.920634920634921
53.364 0.174603174603175 -0.126984126984127 1.04761904761905
53.397 0.174603174603175 0.0793650793650794 0.984126984126984
53.431 0.238095238095238 -0.0634920634920635 1.01587301587302
53.464 0.142857142857143 -0.0476190476190476 1.11111111111111
53.497 0.206349206349206 0.0476190476190476 0.920634920634921
53.531 0.206349206349206 -0.158730158730159 1.11111111111111
53.564 0.158730158730159 0.0793650793650794 1.01587301587302
53.597 0.238095238095238 -0.0476190476190476 1.03174603174603
53.631 0.158730158730159 -0.0952380952380952 1.11111111111111
53.664 0.158730158730159 0.0793650793650794 0.952380952380952
53.697 0.19047619047619 -0.111111111111111 1.03174603174603
53.731 0.174603174603175 0.0634920634920635 1.01587301587302
53.764 0.222222222222222 -0.0158730158730159 1
53.797 0.142857142857143 -0.0793650793650794 1.11111111111111
53.864 0.222222222222222 0.0793650793650794 0.952380952380952
53.897 0.238095238095238 -0.158730158730159 1.06349206349206
53.931 0.142857142857143 0.0476190476190476 1.03174603174603
53.964 0.19047619047619 -0.0158730158730159 0.920634920634921
53.997 0.174603174603175 -0.142857142857143 1.06349206349206
54.031 0.206349206349206 0.111111111111111 1
54.064 0.19047619047619 -0.111111111111111 1.03174603174603
54.097 0.158730158730159 0.0158730158730159 1.03174603174603
54.131 0.206349206349206 -0.0317460317460317 0.920634920634921
54.164 0.19047619047619 -0.126984126984127 1.11111111111111
54.197 0.222222222222222 0.0952380952380952 0.968253968253968
54.231 0.253968253968254 -0.142857142857143 1.07936507936508
54.264 0.126984126984127 0.0317460317460317 1.07936507936508
54.297 0.19047619047619 0 0.904761904761905
54.364 0.158730158730159 -0.126984126984127 1.11111111111111
54.397 0.158730158730159 0.0952380952380952 0.952380952380952
54.431 0.19047619047619 -0.126984126984127 1.03174603174603
54.464 0.19047619047619 0.0158730158730159 1.0952380952381
54.497 0.26984126984127 0.0158730158730159 0.984126984126984
54.531 0.19047619047619 -0.111111111111111 1.17460317460317
54.564 0.142857142857143 0.0952380952380952 0.936507936507937
54.597 0.19047619047619 -0.142857142857143 0.968253968253968
54.631 0.174603174603175 0 1.07936507936508
54.664 0.206349206349206 0.0317460317460317 0.968253968253968
54.697 0.174603174603175 -0.142857142857143 1.07936507936508
54.731 0.174603174603175 0.0793650793650794 0.968253968253968
54.764 0.206349206349206 -0.0793650793650794 1.01587301587302
54.797 0.158730158730159 0 1.07936507936508
54.831 0.253968253968254 0.0476190476190476 0.952380952380952
54.864 0.158730158730159 0.0634920634920635 0.904761904761905
54.897 0.19047619047619 -0.158730158730159 1.04761904761905
54.931 0.174603174603175 0.0952380952380952 1.01587301587302
54.964 0.206349206349206 -0.0793650793650794 0.984126984126984
54.997 0.126984126984127 -0.0476190476190476 1.04761904761905
55.031 0.19047619047619 0.0476190476190476 0.904761904761905
55.064 0.206349206349206 -0.126984126984127 1.12698412698413
55.131 0.26984126984127 -0.0952380952380952 1.04761904761905
55.164 0.142857142857143 -0.0158730158730159 1.11111111111111
55.197 0.174603174603175 0.0634920634920635 0.873015873015873
55.231 0.19047619047619 -0.158730158730159 1.06349206349206
55.264 0.158730158730159 0.0952380952380952 1.03174603174603
55.297 0.222222222222222 -0.0476190476190476 0.968253968253968
55.331 0.142857142857143 -0.0793650793650794 1.07936507936508
55.364 0.174603174603175 -0.0476190476190476 1.14285714285714
55.397 0.238095238095238 0.0952380952380952 0.968253968253968
55.431 0.206349206349206 -0.142857142857143 1.14285714285714
55.464 0.142857142857143 0.0952380952380952 0.984126984126984
55.497 0.19047619047619 -0.0476190476190476 0.888888888888889
55.531 0.158730158730159 -0.0793650793650794 1.0952380952381
55.564 0.19047619047619 0.111111111111111 0.968253968253968
55.597 0.206349206349206 -0.142857142857143 1
55.631 0.142857142857143 0.0476190476190476 1.03174603174603
55.664 0.206349206349206 -0.0158730158730159 0.936507936507937
55.697 0.174603174603175 -0.126984126984127 1.11111111111111
55.731 0.238095238095238 0.0793650793650794 0.952380952380952
55.764 0.253968253968254 -0.111111111111111 1.11111111111111
55.797 0.126984126984127 0.0317460317460317 1.0952380952381
55.831 0.222222222222222 -0.0317460317460317 0.904761904761905
55.864 0.222222222222222 0.0317460317460317 0.936507936507937
55.897 0.174603174603175 -0.111111111111111 1.12698412698413
55.931 0.158730158730159 0.0634920634920635 0.936507936507937
55.964 0.19047619047619 -0.111111111111111 1.03174603174603
55.997 0.19047619047619 0.0158730158730159 1.07936507936508
56.031 0.238095238095238 0.0317460317460317 0.968253968253968
56.064 0.206349206349206 -0.126984126984127 1.17460317460317
56.097 0.158730158730159 0.111111111111111 0.936507936507937
56.131 0.222222222222222 -0.111111111111111 0.952380952380952
56.164 0.158730158730159 0.0158730158730159 1.0952380952381
56.197 0.206349206349206 0.0634920634920635 0.952380952380952
56.231 0.19047619047619 -0.158730158730159 1.04761904761905
56.264 0.142857142857143 0.0793650793650794 0.968253968253968
56.297 0.19047619047619 -0.0634920634920635 0.920634920634921
56.331 0.158730158730159 -0.0476190476190476 1.07936507936508
56.364 0.158730158730159 -0.0317460317460317 1.15873015873016
56.397 0.174603174603175 0.0476190476190476 0.904761904761905
56.431 0.174603174603175 0 1.07936507936508
56.464 0.238095238095238 0.0158730158730159 1.04761904761905
56.497 0.142857142857143 -0.0634920634920635 1
56.531 0.222222222222222 -0.0158730158730159 1.04761904761905
56.597 0.158730158730159 -0.0317460317460317 1
56.997 0.19047619047619 -0.0476190476190476 1.04761904761905
57.397 0.19047619047619 -0.0158730158730159 1.03174603174603
57.797 0.19047619047619 -0.0158730158730159 1.03174603174603
58.197 0.19047619047619 -0.0317460317460317 1.04761904761905
58.597 0.174603174603175 -0.0317460317460317 1.03174603174603
58.997 0.19047619047619 -0.0317460317460317 1
59.63 0.111111111111111 0.0634920634920635 1.07936507936508
59.664 0.206349206349206 0.0793650793650794 1.23809523809524
59.697 0.238095238095238 -0.0476190476190476 1.12698412698413
59.764 0.206349206349206 0.0634920634920635 1.07936507936508
59.797 0.126984126984127 0.111111111111111 1.07936507936508
59.83 0.0952380952380952 0.0317460317460317 0.936507936507937
59.864 0.174603174603175 -0.0793650793650794 0.936507936507937
59.897 0.253968253968254 -0.0634920634920635 1.01587301587302
59.93 0.206349206349206 0.0158730158730159 1.04761904761905
59.964 0.142857142857143 -0.0158730158730159 1.03174603174603
59.997 0.222222222222222 -0.0317460317460317 1.01587301587302
60.1 0.19047619047619 0.0158730158730159 1.12698412698413
60.13 0.206349206349206 0 1.06349206349206
60.16 0.222222222222222 -0.0634920634920635 1.03174603174603
60.43 0.174603174603175 0 1
60.46 0.222222222222222 -0.0317460317460317 1.07936507936508
60.53 0.174603174603175 -0.0317460317460317 1
60.73 0.19047619047619 -0.111111111111111 0.984126984126984
60.76 0.206349206349206 0.0158730158730159 1.06349206349206
60.8 0.19047619047619 -0.0793650793650794 1.04761904761905
60.83 0.206349206349206 0 1.04761904761905
61.06 0.19047619047619 -0.0793650793650794 0.984126984126984
61.1 0.222222222222222 -0.0317460317460317 1.06349206349206
61.13 0.174603174603175 -0.0317460317460317 0.984126984126984
61.3 0.206349206349206 0 1.04761904761905
61.33 0.142857142857143 -0.0317460317460317 0.984126984126984
61.36 0.206349206349206 -0.0476190476190476 1.03174603174603
61.4 0.206349206349206 0.0158730158730159 1.06349206349206
61.43 0.206349206349206 -0.0793650793650794 1.01587301587302
61.46 0.222222222222222 0 1.06349206349206
61.5 0.174603174603175 -0.0317460317460317 0.968253968253968
61.53 0.206349206349206 -0.0317460317460317 1.06349206349206
61.56 0.158730158730159 0.0158730158730159 0.984126984126984
61.6 0.19047619047619 -0.0793650793650794 0.968253968253968
61.63 0.206349206349206 0.0317460317460317 1.03174603174603
61.66 0.19047619047619 -0.0952380952380952 1.03174603174603
61.7 0.19047619047619 -0.0158730158730159 1.01587301587302
62 0.206349206349206 -0.0952380952380952 1.03174603174603
62.03 0.206349206349206 -0.0158730158730159 1.03174603174603
62.23 0.222222222222222 -0.0793650793650794 1.06349206349206
62.26 0.158730158730159 0.0317460317460317 0.984126984126984
62.3 0.19047619047619 -0.126984126984127 1.01587301587302
62.33 0.222222222222222 0.0158730158730159 1.04761904761905
62.36 0.19047619047619 -0.0793650793650794 1.04761904761905
62.4 0.206349206349206 0 1.03174603174603
62.56 0.222222222222222 -0.0634920634920635 1.03174603174603
62.6 0.19047619047619 0.0158730158730159 1.04761904761905
62.63 0.206349206349206 -0.0952380952380952 1.01587301587302
62.66 0.19047619047619 0.0158730158730159 1.04761904761905
62.7 0.174603174603175 -0.0476190476190476 1.04761904761905
62.83 0.19047619047619 -0.0317460317460317 0.984126984126984
62.86 0.206349206349206 -0.0476190476190476 1.06349206349206
62.9 0.158730158730159 0.0158730158730159 0.968253968253968
62.93 0.206349206349206 -0.111111111111111 1.01587301587302
62.96 0.206349206349206 0.0317460317460317 1.06349206349206
63.06 0.19047619047619 -0.0476190476190476 0.952380952380952
63.1 0.222222222222222 -0.0158730158730159 1.01587301587302
63.43 0.158730158730159 -0.0476190476190476 1
63.46 0.222222222222222 0 1.03174603174603
63.5 0.174603174603175 -0.0952380952380952 1.01587301587302
63.53 0.222222222222222 0.0158730158730159 1.03174603174603
63.56 0.19047619047619 -0.0793650793650794 1.06349206349206
63.6 0.206349206349206 -0.0317460317460317 1
63.63 0.222222222222222 -0.0476190476190476 1.06349206349206
63.66 0.174603174603175 -0.0317460317460317 0.968253968253968
63.73 0.222222222222222 -0.0158730158730159 1.06349206349206
63.76 0.174603174603175 -0.0158730158730159 1
64 0.206349206349206 -0.0317460317460317 1.06349206349206
64.03 0.206349206349206 -0.0158730158730159 0.952380952380952
64.06 0.206349206349206 -0.0317460317460317 1.07936507936508
64.1 0.158730158730159 0.0158730158730159 0.968253968253968
64.13 0.206349206349206 -0.111111111111111 1.03174603174603
64.16 0.206349206349206 0.0317460317460317 1.04761904761905
64.2 0.206349206349206 -0.111111111111111 1.01587301587302
64.23 0.206349206349206 0.0317460317460317 1
64.26 0.19047619047619 -0.0317460317460317 1.06349206349206
64.3 0.174603174603175 -0.0317460317460317 1
64.36 0.19047619047619 -0.0317460317460317 1.06349206349206
64.4 0.174603174603175 -0.0317460317460317 0.984126984126984
64.43 0.206349206349206 -0.0158730158730159 1.0952380952381
64.46 0.174603174603175 0.0317460317460317 0.984126984126984
64.5 0.206349206349206 -0.0952380952380952 1.07936507936508
64.56 0.206349206349206 -0.0317460317460317 1.01587301587302
64.73 0.142857142857143 -0.0158730158730159 0.984126984126984
64.76 0.222222222222222 -0.0476190476190476 1.06349206349206
64.8 0.158730158730159 0 1.01587301587302
64.83 0.19047619047619 -0.0793650793650794 1.01587301587302
64.86 0.222222222222222 0.0317460317460317 1.06349206349206
64.9 0.206349206349206 -0.0634920634920635 1.03174603174603
64.96 0.285714285714286 -0.111111111111111 0.968253968253968
65 0.206349206349206 -0.111111111111111 1
65.03 0.206349206349206 -0.0317460317460317 1.01587301587302
65.43 0.174603174603175 -0.0476190476190476 1
65.83 0.19047619047619 -0.0317460317460317 1.01587301587302
66.23 0.206349206349206 -0.0317460317460317 1.01587301587302
66.63 0.174603174603175 -0.0317460317460317 1.01587301587302
67.03 0.19047619047619 -0.0317460317460317 1.01587301587302
67.43 0.19047619047619 0 1.03174603174603
68.13 0.111111111111111 -0.0158730158730159 0.920634920634921
68.16 0.158730158730159 -0.0317460317460317 1.0952380952381
68.2 0.253968253968254 -0.0476190476190476 1.11111111111111
68.23 0.317460317460317 -0.111111111111111 1.03174603174603
68.26 0.317460317460317 -0.19047619047619 0.952380952380952
68.3 0.222222222222222 -0.142857142857143 0.952380952380952
68.33 0.142857142857143 -0.0158730158730159 1
68.43 0.222222222222222 -0.0476190476190476 1.01587301587302
68.5 0.206349206349206 -0.0476190476190476 0.936507936507937
68.53 0.174603174603175 0 1.03174603174603
68.56 0.206349206349206 0.0158730158730159 1.12698412698413
68.6 0.285714285714286 -0.0793650793650794 1.0952380952381
68.63 0.317460317460317 0.0317460317460317 1.15873015873016
68.66 0.253968253968254 0.0158730158730159 1.19047619047619
68.7 0.317460317460317 -0.0793650793650794 1.03174603174603
68.73 0.253968253968254 -0.158730158730159 0.920634920634921
68.76 0.126984126984127 -0.0158730158730159 0.968253968253968
68.86 0.222222222222222 -0.0476190476190476 0.984126984126984
68.96 0.19047619047619 -0.0158730158730159 1.07936507936508
69 0.19047619047619 0.0476190476190476 1.17460317460317
69.03 0.285714285714286 -0.0158730158730159 1.20634920634921
69.06 0.333333333333333 -0.126984126984127 1.01587301587302
69.1 0.253968253968254 -0.111111111111111 0.936507936507937
69.13 0.126984126984127 0 0.952380952380952
69.16 0.333333333333333 -0.158730158730159 0.936507936507937
69.2 0.238095238095238 -0.126984126984127 0.936507936507937
69.23 0.111111111111111 0.0158730158730159 0.936507936507937
69.3 0.19047619047619 -0.0476190476190476 1
69.36 0.253968253968254 -0.111111111111111 1
69.4 0.19047619047619 -0.0634920634920635 0.952380952380952
69.43 0.158730158730159 0.0317460317460317 1.0952380952381
69.5 0.333333333333333 -0.0793650793650794 1.11111111111111
69.53 0.349206349206349 -0.158730158730159 0.984126984126984
69.56 0.285714285714286 -0.174603174603175 0.904761904761905
69.6 0.174603174603175 -0.0793650793650794 0.920634920634921
69.63 0.0952380952380952 0.0634920634920635 0.968253968253968
69.7 0.126984126984127 -0.0317460317460317 0.904761904761905
69.73 0.0793650793650794 0.0793650793650794 0.936507936507937
69.76 0.111111111111111 0.0476190476190476 1
69.8 0.238095238095238 -0.0634920634920635 0.984126984126984
69.83 0.301587301587302 -0.0952380952380952 1
69.9 0.206349206349206 -0.0158730158730159 1.03174603174603
69.93 0.19047619047619 0.0634920634920635 1.15873015873016
69.96 0.253968253968254 0 1.17460317460317
70 0.333333333333333 -0.111111111111111 1.01587301587302
70.03 0.285714285714286 -0.158730158730159 0.952380952380952
70.06 0.158730158730159 -0.0317460317460317 0.904761904761905
70.1 0.0793650793650794 0.0634920634920635 0.968253968253968
70.16 0.222222222222222 -0.0476190476190476 1
70.2 0.0952380952380952 0.0634920634920635 0.952380952380952
70.23 0.158730158730159 -0.0158730158730159 1.03174603174603
70.26 0.222222222222222 -0.111111111111111 1.01587301587302
70.33 0.206349206349206 -0.0793650793650794 0.952380952380952
70.36 0.142857142857143 0.0158730158730159 1.04761904761905
70.4 0.206349206349206 0.0158730158730159 1.15873015873016
70.43 0.301587301587302 -0.0634920634920635 1.0952380952381
70.46 0.365079365079365 -0.174603174603175 0.968253968253968
70.5 0.285714285714286 -0.158730158730159 0.920634920634921
70.53 0.142857142857143 -0.0158730158730159 0.952380952380952
70.56 0.0952380952380952 0.0793650793650794 0.984126984126984
70.6 0.158730158730159 -0.0158730158730159 1.01587301587302
70.63 0.222222222222222 -0.0634920634920635 1.03174603174603
70.66 0.26984126984127 -0.142857142857143 0.984126984126984
70.73 0.253968253968254 -0.0793650793650794 1.03174603174603
70.86 0.158730158730159 0.0476190476190476 1.14285714285714
70.9 0.238095238095238 0.0158730158730159 1.17460317460317
70.93 0.317460317460317 -0.126984126984127 1.06349206349206
70.96 0.285714285714286 -0.158730158730159 0.920634920634921
71 0.142857142857143 -0.0317460317460317 0.888888888888889
71.03 0.0793650793650794 0.0476190476190476 0.936507936507937
71.1 0.206349206349206 -0.0476190476190476 1.01587301587302
71.13 0.301587301587302 -0.142857142857143 1.04761904761905
71.16 0.26984126984127 -0.111111111111111 0.984126984126984
71.2 0.206349206349206 -0.0158730158730159 1.03174603174603
71.23 0.253968253968254 -0.126984126984127 1
71.3 0.158730158730159 0.0158730158730159 1.03174603174603
71.33 0.206349206349206 0.0317460317460317 1.12698412698413
71.36 0.301587301587302 -0.0793650793650794 1.12698412698413
71.4 0.380952380952381 -0.174603174603175 1
71.43 0.285714285714286 -0.158730158730159 0.920634920634921
71.46 0.142857142857143 0 0.952380952380952
71.5 0.0952380952380952 0.0952380952380952 0.984126984126984
71.53 0.158730158730159 -0.0158730158730159 1.03174603174603
71.56 0.238095238095238 -0.0793650793650794 1.03174603174603
71.6 0.26984126984127 -0.142857142857143 1
71.63 0.206349206349206 -0.0952380952380952 0.952380952380952
71.66 0.158730158730159 0.0158730158730159 1.03174603174603
71.7 0.222222222222222 0.0158730158730159 1.17460317460317
71.73 0.222222222222222 -0.0317460317460317 1.06349206349206
71.76 0.174603174603175 0.0476190476190476 1.15873015873016
71.8 0.26984126984127 -0.0158730158730159 1.20634920634921
71.83 0.333333333333333 -0.126984126984127 1.03174603174603
71.86 0.26984126984127 -0.158730158730159 0.952380952380952
71.9 0.142857142857143 -0.0158730158730159 0.920634920634921
71.93 0.0793650793650794 0.0634920634920635 0.952380952380952
72 0.222222222222222 -0.0793650793650794 1.03174603174603
72.03 0.285714285714286 -0.111111111111111 1.01587301587302
72.1 0.19047619047619 0 1.03174603174603
72.13 0.19047619047619 0.0634920634920635 1.15873015873016
72.16 0.253968253968254 -0.0158730158730159 1.20634920634921
72.2 0.349206349206349 -0.126984126984127 1.06349206349206
72.23 0.26984126984127 -0.126984126984127 0.936507936507937
72.26 0.333333333333333 -0.0952380952380952 1.06349206349206
72.3 0.349206349206349 -0.19047619047619 0.984126984126984
72.33 0.26984126984127 -0.142857142857143 0.904761904761905
72.36 0.142857142857143 0.0158730158730159 0.936507936507937
72.43 0.174603174603175 -0.0158730158730159 1.01587301587302
72.46 0.253968253968254 -0.111111111111111 1.06349206349206
72.53 0.206349206349206 -0.0952380952380952 0.984126984126984
72.56 0.174603174603175 0 1
72.6 0.206349206349206 0.0158730158730159 1.12698412698413
72.63 0.285714285714286 -0.0317460317460317 1.15873015873016
72.66 0.349206349206349 -0.142857142857143 1.07936507936508
72.7 0.365079365079365 -0.206349206349206 0.968253968253968
72.73 0.238095238095238 -0.126984126984127 0.920634920634921
72.76 0.333333333333333 -0.158730158730159 1.01587301587302
72.8 0.238095238095238 -0.0952380952380952 0.936507936507937
72.83 0.111111111111111 0 0.920634920634921
72.86 0.0634920634920635 0.0793650793650794 0.936507936507937
72.9 0.126984126984127 0.0158730158730159 1
72.93 0.253968253968254 -0.0793650793650794 1.06349206349206
73 0.238095238095238 -0.0634920634920635 0.984126984126984
73.03 0.206349206349206 0.0476190476190476 1.06349206349206
73.06 0.222222222222222 0.0158730158730159 1.20634920634921
73.1 0.333333333333333 -0.0634920634920635 1.15873015873016
73.13 0.349206349206349 -0.158730158730159 0.968253968253968
73.16 0.222222222222222 -0.0952380952380952 0.904761904761905
73.2 0.0793650793650794 0.0317460317460317 0.936507936507937
73.26 0.174603174603175 0 0.920634920634921
73.3 0.0952380952380952 0.0793650793650794 0.984126984126984
73.33 0.126984126984127 0 1.01587301587302
73.36 0.206349206349206 -0.0476190476190476 1.06349206349206
73.4 0.26984126984127 -0.142857142857143 1.01587301587302
73.43 0.222222222222222 -0.111111111111111 0.936507936507937
73.46 0.174603174603175 0 0.984126984126984
73.5 0.222222222222222 -0.0158730158730159 1.0952380952381
73.93 0.222222222222222 -0.0476190476190476 1.03174603174603
74.33 0.222222222222222 -0.0317460317460317 1.03174603174603
74.73 0.206349206349206 -0.0634920634920635 1.03174603174603
75.13 0.206349206349206 -0.0634920634920635 1
75.53 0.206349206349206 -0.0476190476190476 1.01587301587302
75.93 0.206349206349206 -0.0634920634920635 1.01587301587302
76.33 0.222222222222222 -0.0476190476190476 1.01587301587302
76.6 0.238095238095238 -0.158730158730159 1.01587301587302
76.63 0.285714285714286 -0.111111111111111 0.53968253968254
76.66 0.206349206349206 -0.301587301587302 2.01587301587302
76.7 0.158730158730159 -0.26984126984127 1.79365079365079
76.73 0.285714285714286 0 1.33333333333333
76.76 0.222222222222222 0.19047619047619 0.587301587301587
76.8 0.0952380952380952 -0.206349206349206 1.22222222222222
76.83 0.285714285714286 -0.0952380952380952 1.3015873015873
76.86 0.26984126984127 -0.126984126984127 1.73015873015873
76.9 0.349206349206349 0.206349206349206 0.619047619047619
76.93 0.0952380952380952 -0.253968253968254 0.793650793650794
76.96 0.222222222222222 -0.0952380952380952 1.49206349206349
77 0.238095238095238 0.19047619047619 0.682539682539683
77.03 0.0952380952380952 -0.253968253968254 1.06349206349206
77.06 0.253968253968254 -0.111111111111111 1.33333333333333
77.1 0.238095238095238 0.253968253968254 0.587301587301587
77.13 0.0793650793650794 -0.222222222222222 1.26984126984127
77.16 0.317460317460317 -0.111111111111111 1.41269841269841
77.2 0.301587301587302 0.19047619047619 0.46031746031746
77.23 0.0952380952380952 -0.253968253968254 1.22222222222222
77.26 0.317460317460317 0.0158730158730159 1.52380952380952
77.3 0.253968253968254 0.111111111111111 0.444444444444444
77.33 0.0952380952380952 -0.253968253968254 1.19047619047619
77.36 0.111111111111111 -0.174603174603175 1.14285714285714
77.4 0.285714285714286 -0.111111111111111 1.44444444444444
77.43 0.301587301587302 0.222222222222222 0.492063492063492
77.46 0.0793650793650794 -0.222222222222222 1.19047619047619
77.5 0.317460317460317 -0.0476190476190476 1.55555555555556
77.53 0.285714285714286 0.158730158730159 0.412698412698413
77.56 0.111111111111111 -0.285714285714286 1.12698412698413
77.6 0.285714285714286 -0.0317460317460317 1.46031746031746
77.63 0.238095238095238 0.142857142857143 0.555555555555556
77.66 0.111111111111111 -0.317460317460317 1.23809523809524
77.7 0.285714285714286 0 1.23809523809524
77.73 0.19047619047619 0.158730158730159 0.650793650793651
77.76 0.0793650793650794 -0.301587301587302 1.3968253968254
77.8 0.349206349206349 0 1.20634920634921
77.86 0.111111111111111 0.158730158730159 0.523809523809524
77.9 0.111111111111111 -0.285714285714286 1.06349206349206
77.93 0.26984126984127 0 1.34920634920635
77.96 0.222222222222222 0.158730158730159 0.650793650793651
78 0.0793650793650794 -0.26984126984127 1.26984126984127
78.06 0.238095238095238 0.206349206349206 0.507936507936508
78.1 0.0952380952380952 -0.301587301587302 1.38095238095238
78.13 0.349206349206349 -0.0476190476190476 1.38095238095238
78.16 0.26984126984127 0.126984126984127 0.365079365079365
78.2 0.111111111111111 -0.253968253968254 1.31746031746032
78.23 0.333333333333333 0.0634920634920635 1.44444444444444
78.26 0.206349206349206 0.0793650793650794 0.507936507936508
78.3 0.126984126984127 -0.317460317460317 1.28571428571429
78.33 0.301587301587302 0.0634920634920635 1.25396825396825
78.36 0.333333333333333 -0.111111111111111 1.47619047619048
78.4 0.333333333333333 0.222222222222222 0.476190476190476
78.43 0.0793650793650794 -0.238095238095238 1.06349206349206
78.46 0.317460317460317 -0.0317460317460317 1.58730158730159
78.5 0.285714285714286 0.158730158730159 0.492063492063492
78.53 0.111111111111111 -0.26984126984127 1.01587301587302
78.56 0.26984126984127 -0.0158730158730159 1.41269841269841
78.6 0.206349206349206 0.19047619047619 0.634920634920635
78.63 0.0952380952380952 -0.301587301587302 1.26984126984127
78.66 0.285714285714286 -0.0634920634920635 1.3015873015873
78.7 0.238095238095238 0.222222222222222 0.523809523809524
78.73 0.0952380952380952 -0.301587301587302 1.36507936507937
78.76 0.365079365079365 -0.0317460317460317 1.34920634920635
78.83 0.111111111111111 -0.26984126984127 1.26984126984127
78.86 0.365079365079365 0.0634920634920635 1.42857142857143
78.9 0.253968253968254 -0.111111111111111 1.38095238095238
78.93 0.253968253968254 0.222222222222222 0.650793650793651
78.96 0.0952380952380952 -0.253968253968254 1.20634920634921
79 0.333333333333333 -0.0952380952380952 1.42857142857143
79.03 0.301587301587302 0.238095238095238 0.476190476190476
79.06 0.0952380952380952 -0.253968253968254 1.14285714285714
79.1 0.317460317460317 -0.0634920634920635 1.57142857142857
79.13 0.301587301587302 0.174603174603175 0.46031746031746
79.16 0.0952380952380952 -0.253968253968254 1.03174603174603
79.2 0.26984126984127 0 1.41269841269841
79.23 0.222222222222222 0.158730158730159 0.619047619047619
79.26 0.111111111111111 -0.301587301587302 1.20634920634921
79.3 0.285714285714286 -0.0476190476190476 1.26984126984127
79.33 0.222222222222222 0.206349206349206 0.619047619047619
79.4 0.349206349206349 -0.222222222222222 0.777777777777778
79.43 0.253968253968254 -0.111111111111111 1.58730158730159
79.46 0.285714285714286 0.19047619047619 0.634920634920635
79.5 0.111111111111111 -0.301587301587302 0.968253968253968
79.53 0.238095238095238 -0.0793650793650794 1.38095238095238
79.56 0.238095238095238 0.222222222222222 0.650793650793651
79.6 0.0952380952380952 -0.238095238095238 1.15873015873016
79.63 0.301587301587302 -0.0793650793650794 1.38095238095238
79.66 0.285714285714286 0.222222222222222 0.492063492063492
79.7 0.0952380952380952 -0.26984126984127 1.22222222222222
79.73 0.349206349206349 -0.0317460317460317 1.50793650793651
79.76 0.285714285714286 0.158730158730159 0.412698412698413
79.8 0.0793650793650794 -0.26984126984127 1.15873015873016
79.83 0.301587301587302 -0.0158730158730159 1.44444444444444
79.86 0.222222222222222 0.126984126984127 0.603174603174603
79.9 0.111111111111111 -0.333333333333333 1.25396825396825
79.93 0.0793650793650794 -0.19047619047619 1.11111111111111
79.96 0.206349206349206 0.158730158730159 0.666666666666667
80 0.333333333333333 0.206349206349206 0.523809523809524
80.03 0.0793650793650794 -0.238095238095238 0.873015873015873
80.06 0.26984126984127 -0.0634920634920635 1.61904761904762
80.1 0.285714285714286 0.174603174603175 0.571428571428571
80.13 0.111111111111111 -0.285714285714286 0.936507936507937
80.16 0.238095238095238 -0.0476190476190476 1.3968253968254
80.2 0.238095238095238 0.238095238095238 0.698412698412698
80.23 0.0952380952380952 -0.238095238095238 1.17460317460317
80.26 0.26984126984127 -0.0952380952380952 1.36507936507937
80.3 0.285714285714286 0.238095238095238 0.507936507936508
80.33 0.0952380952380952 -0.26984126984127 1.23809523809524
80.36 0.349206349206349 -0.0793650793650794 1.52380952380952
80.4 0.317460317460317 0.174603174603175 0.412698412698413
80.43 0.0793650793650794 -0.26984126984127 0.73015873015873
80.46 0.111111111111111 -0.222222222222222 0.968253968253968
80.5 0.238095238095238 -0.158730158730159 1.44444444444444
80.53 0.26984126984127 0.238095238095238 0.619047619047619
80.56 0.0793650793650794 -0.206349206349206 1.0952380952381
80.63 0.333333333333333 0.238095238095238 0.492063492063492
80.66 0.0952380952380952 -0.253968253968254 0.968253968253968
80.7 0.301587301587302 -0.0634920634920635 1.58730158730159
80.73 0.301587301587302 0.174603174603175 0.523809523809524
80.76 0.0952380952380952 -0.253968253968254 1
80.8 0.253968253968254 0 1.41269841269841
80.83 0.206349206349206 0.158730158730159 0.634920634920635
80.86 0.0793650793650794 -0.317460317460317 1.25396825396825
80.9 0.26984126984127 -0.0158730158730159 1.26984126984127
80.93 0.222222222222222 0.19047619047619 0.555555555555556
80.96 0.349206349206349 0.222222222222222 0.523809523809524
81 0.0952380952380952 -0.238095238095238 0.920634920634921
81.03 0.238095238095238 -0.0634920634920635 1.50793650793651
81.06 0.222222222222222 0.158730158730159 0.619047619047619
81.1 0.0952380952380952 -0.317460317460317 1.14285714285714
81.13 0.26984126984127 -0.0317460317460317 1.34920634920635
81.16 0.222222222222222 0.174603174603175 0.650793650793651
81.2 0.0793650793650794 -0.301587301587302 1.33333333333333
81.23 0.333333333333333 -0.0158730158730159 1.31746031746032
81.26 0.253968253968254 0.174603174603175 0.428571428571429
81.3 0.0952380952380952 -0.285714285714286 1.34920634920635
81.33 0.365079365079365 0.0476190476190476 1.3968253968254
81.36 0.238095238095238 0.111111111111111 0.349206349206349
81.4 0.111111111111111 -0.238095238095238 1.28571428571429
81.43 0.317460317460317 0.0952380952380952 1.28571428571429
81.46 0.174603174603175 0.0476190476190476 1.34920634920635
81.5 0.253968253968254 0.238095238095238 0.53968253968254
81.53 0.0793650793650794 -0.26984126984127 1.3015873015873
81.56 0.349206349206349 -0.0476190476190476 1.47619047619048
81.6 0.26984126984127 0.158730158730159 0.412698412698413
81.63 0.0952380952380952 -0.285714285714286 1.20634920634921
81.66 0.301587301587302 0.0158730158730159 1.44444444444444
81.7 0.206349206349206 0.0952380952380952 0.476190476190476
81.73 0.126984126984127 -0.285714285714286 1.20634920634921
81.76 0.26984126984127 0.0476190476190476 1.26984126984127
81.8 0.174603174603175 0.142857142857143 0.666666666666667
81.83 0.0952380952380952 -0.317460317460317 1.36507936507937
81.86 0.333333333333333 0 1.22222222222222
81.9 0.238095238095238 0.174603174603175 0.492063492063492
81.93 0.0952380952380952 -0.285714285714286 1.42857142857143
81.96 0.380952380952381 0.0158730158730159 1.38095238095238
82 0.253968253968254 -0.0158730158730159 1.41269841269841
82.03 0.111111111111111 -0.253968253968254 1.31746031746032
82.06 0.26984126984127 -0.253968253968254 0.857142857142857
82.1 0.222222222222222 -0.0158730158730159 1.01587301587302
82.5 0.19047619047619 -0.0317460317460317 1.03174603174603
82.9 0.222222222222222 -0.0317460317460317 1.03174603174603
83.3 0.222222222222222 -0.0317460317460317 1.04761904761905
83.7 0.206349206349206 -0.0476190476190476 1.01587301587302
84.1 0.206349206349206 -0.0317460317460317 1.04761904761905
84.5 0.206349206349206 -0.0476190476190476 1.01587301587302
85.06 0.253968253968254 -0.222222222222222 0.968253968253968
85.1 0.285714285714286 -0.317460317460317 1.33333333333333
85.13 0.19047619047619 -0.142857142857143 0.80952380952381
85.16 0.253968253968254 -0.0634920634920635 1.6031746031746
85.2 0.142857142857143 -0.174603174603175 0.317460317460317
85.23 0.253968253968254 0.0634920634920635 1.33333333333333
85.26 0.253968253968254 0.0476190476190476 1.65079365079365
85.3 0.238095238095238 -0.0158730158730159 1.47619047619048
85.33 0.253968253968254 0.0158730158730159 1.28571428571429
85.36 0.238095238095238 -0.0158730158730159 1.17460317460317
85.4 0.222222222222222 -0.0158730158730159 1.04761904761905
85.43 0.174603174603175 -0.0952380952380952 1.01587301587302
85.46 0.206349206349206 -0.0317460317460317 1.26984126984127
85.5 0.222222222222222 0.0158730158730159 1.01587301587302
85.53 0.19047619047619 -0.0952380952380952 1
85.56 0.238095238095238 0 1.38095238095238
85.6 0.253968253968254 0.0634920634920635 1.03174603174603
85.63 0.174603174603175 -0.142857142857143 0.666666666666667
85.66 0.222222222222222 -0.0476190476190476 1.15873015873016
85.73 0.126984126984127 -0.222222222222222 0.698412698412698
85.76 0.19047619047619 -0.0476190476190476 1.38095238095238
85.8 0.222222222222222 0.0476190476190476 1.19047619047619
85.83 0.126984126984127 -0.19047619047619 0.412698412698413
85.86 0.222222222222222 0.0158730158730159 1.36507936507937
85.93 0.206349206349206 -0.0793650793650794 0.634920634920635
85.96 0.253968253968254 -0.0793650793650794 1.04761904761905
86 0.222222222222222 -0.0317460317460317 1.12698412698413
86.03 0.19047619047619 -0.111111111111111 0.80952380952381
86.06 0.206349206349206 -0.0634920634920635 1.26984126984127
86.1 0.238095238095238 0.0317460317460317 1.3968253968254
86.13 0.26984126984127 0.0476190476190476 1.04761904761905
86.16 0.19047619047619 -0.174603174603175 0.777777777777778
86.2 0.222222222222222 -0.0476190476190476 1.31746031746032
86.23 0.26984126984127 -0.0158730158730159 1.17460317460317
86.26 0.206349206349206 -0.174603174603175 0.777777777777778
86.3 0.222222222222222 -0.0317460317460317 1.12698412698413
86.36 0.142857142857143 -0.174603174603175 0.857142857142857
86.4 0.19047619047619 0 1.33333333333333
86.46 0.158730158730159 -0.174603174603175 0.555555555555556
86.5 0.206349206349206 -0.0158730158730159 1.44444444444444
86.53 0.253968253968254 0.0634920634920635 1.22222222222222
86.56 0.174603174603175 -0.238095238095238 0.380952380952381
86.6 0.238095238095238 -0.0793650793650794 1.17460317460317
86.63 0.253968253968254 0 1.17460317460317
86.66 0.174603174603175 -0.0952380952380952 0.761904761904762
86.7 0.174603174603175 0 1.33333333333333
86.76 0.206349206349206 -0.0317460317460317 0.666666666666667
86.8 0.222222222222222 -0.111111111111111 1.17460317460317
86.83 0.253968253968254 0 1.33333333333333
86.86 0.253968253968254 0.0317460317460317 1.06349206349206
86.9 0.206349206349206 -0.126984126984127 0.825396825396825
86.93 0.222222222222222 -0.0634920634920635 1.12698412698413
86.96 0.222222222222222 0 1.11111111111111
87 0.206349206349206 -0.0952380952380952 1.04761904761905
87.03 0.19047619047619 0.0317460317460317 1.26984126984127
87.06 0.238095238095238 0.0317460317460317 1.03174603174603
87.1 0.174603174603175 -0.126984126984127 1.04761904761905
87.13 0.206349206349206 0.0634920634920635 1.34920634920635
87.16 0.26984126984127 -0.0158730158730159 1.17460317460317
87.2 0.174603174603175 -0.111111111111111 0.666666666666667
87.23 0.222222222222222 -0.0634920634920635 1.12698412698413
87.3 0.126984126984127 -0.206349206349206 0.682539682539683
87.33 0.206349206349206 -0.0158730158730159 1.38095238095238
87.36 0.222222222222222 0.0634920634920635 1.19047619047619
87.4 0.158730158730159 -0.126984126984127 0.492063492063492
87.43 0.206349206349206 -0.0476190476190476 1.33333333333333
87.46 0.253968253968254 0.0317460317460317 1.28571428571429
87.5 0.19047619047619 -0.0634920634920635 0.682539682539683
87.53 0.222222222222222 -0.0952380952380952 1.01587301587302
87.56 0.253968253968254 -0.0476190476190476 1.12698412698413
87.6 0.19047619047619 -0.0793650793650794 0.873015873015873
87.63 0.19047619047619 -0.0158730158730159 1.23809523809524
87.66 0.222222222222222 0.0158730158730159 1.38095238095238
87.7 0.253968253968254 0.0317460317460317 1.11111111111111
87.73 0.19047619047619 -0.142857142857143 0.698412698412698
87.76 0.253968253968254 -0.0317460317460317 1.3015873015873
87.8 0.253968253968254 0 1.22222222222222
87.83 0.19047619047619 -0.158730158730159 0.619047619047619
87.86 0.222222222222222 -0.0952380952380952 1.12698412698413
87.9 0.222222222222222 -0.0158730158730159 1.0952380952381
87.93 0.142857142857143 -0.19047619047619 0.80952380952381
87.96 0.19047619047619 -0.0317460317460317 1.36507936507937
88 0.238095238095238 0.0793650793650794 1.12698412698413
88.03 0.126984126984127 -0.174603174603175 0.523809523809524
88.06 0.206349206349206 0 1.42857142857143
88.1 0.253968253968254 0.0952380952380952 1.20634920634921
88.13 0.142857142857143 -0.222222222222222 0.444444444444444
88.16 0.222222222222222 -0.0476190476190476 1.17460317460317
88.23 0.142857142857143 -0.0952380952380952 0.761904761904762
88.26 0.19047619047619 0 1.36507936507937
88.3 0.222222222222222 0.0317460317460317 1.26984126984127
88.33 0.19047619047619 -0.0158730158730159 0.698412698412698
88.36 0.206349206349206 -0.126984126984127 1.07936507936508
88.4 0.238095238095238 -0.0158730158730159 1.36507936507937
88.43 0.253968253968254 0.0317460317460317 1.11111111111111
88.46 0.206349206349206 -0.174603174603175 0.746031746031746
88.5 0.238095238095238 -0.0634920634920635 1.12698412698413
88.56 0.19047619047619 -0.0476190476190476 1.01587301587302
88.6 0.19047619047619 0.0158730158730159 1.23809523809524
88.63 0.222222222222222 0.0317460317460317 0.952380952380952
88.66 0.158730158730159 -0.142857142857143 0.396825396825397
88.7 0.222222222222222 -0.0317460317460317 1.23809523809524
88.76 0.158730158730159 -0.142857142857143 0.571428571428571
88.8 0.222222222222222 -0.111111111111111 1.11111111111111
88.86 0.158730158730159 -0.174603174603175 0.698412698412698
88.9 0.19047619047619 -0.0317460317460317 1.36507936507937
88.93 0.206349206349206 0.0317460317460317 1.22222222222222
88.96 0.142857142857143 -0.0952380952380952 0.571428571428571
89 0.206349206349206 -0.0158730158730159 1.28571428571429
89.06 0.222222222222222 -0.0317460317460317 0.746031746031746
89.1 0.238095238095238 -0.0952380952380952 1
89.13 0.222222222222222 -0.0317460317460317 1.15873015873016
89.16 0.253968253968254 0.0317460317460317 1.06349206349206
89.23 0.206349206349206 0.0317460317460317 1.36507936507937
89.26 0.253968253968254 0.111111111111111 1.04761904761905
89.3 0.174603174603175 -0.142857142857143 0.666666666666667
89.33 0.238095238095238 -0.0317460317460317 1.34920634920635
89.36 0.253968253968254 -0.0158730158730159 1.22222222222222
89.4 0.174603174603175 -0.174603174603175 0.507936507936508
89.43 0.238095238095238 -0.0952380952380952 1.07936507936508
89.46 0.238095238095238 -0.0317460317460317 1.0952380952381
89.5 0.142857142857143 -0.126984126984127 0.793650793650794
89.53 0.19047619047619 0 1.33333333333333
89.56 0.253968253968254 0.0476190476190476 1.12698412698413
89.6 0.142857142857143 -0.19047619047619 0.571428571428571
89.63 0.206349206349206 -0.0158730158730159 1.38095238095238
89.66 0.238095238095238 -0.0317460317460317 1.19047619047619
89.7 0.222222222222222 -0.0634920634920635 0.920634920634921
89.73 0.19047619047619 -0.0634920634920635 1.07936507936508
89.8 0.19047619047619 -0.0793650793650794 0.841269841269841
89.83 0.19047619047619 -0.0317460317460317 1.28571428571429
89.86 0.19047619047619 0.0476190476190476 1.3015873015873
89.9 0.206349206349206 0.0476190476190476 0.857142857142857
89.93 0.19047619047619 -0.0952380952380952 0.984126984126984
89.96 0.238095238095238 0.0317460317460317 1.34920634920635
90 0.26984126984127 0.0476190476190476 1.11111111111111
90.03 0.206349206349206 -0.0952380952380952 0.666666666666667
90.06 0.253968253968254 -0.0793650793650794 1.14285714285714
90.13 0.206349206349206 -0.0317460317460317 1
90.16 0.174603174603175 0 1.3968253968254
90.2 0.253968253968254 0.0634920634920635 1.22222222222222
90.23 0.158730158730159 -0.174603174603175 0.396825396825397
90.26 0.238095238095238 -0.0634920634920635 1.25396825396825
90.33 0.174603174603175 -0.206349206349206 0.523809523809524
90.36 0.222222222222222 -0.0952380952380952 1.07936507936508
90.43 0.158730158730159 -0.111111111111111 0.746031746031746
90.46 0.19047619047619 0 1.31746031746032
90.5 0.222222222222222 0 1.19047619047619
90.53 0.142857142857143 -0.126984126984127 0.523809523809524
90.56 0.158730158730159 -0.0634920634920635 1.23809523809524
90.6 0.301587301587302 0.174603174603175 1.19047619047619
90.63 0.222222222222222 -0.0634920634920635 1.06349206349206
90.66 0.238095238095238 -0.0634920634920635 0.984126984126984
90.76 0.206349206349206 -0.0317460317460317 1.04761904761905
91.16 0.222222222222222 -0.0476190476190476 1.01587301587302
91.56 0.222222222222222 -0.0476190476190476 1
92.36 0.206349206349206 -0.0476190476190476 1.01587301587302
92.76 0.222222222222222 -0.0317460317460317 1.01587301587302
93.16 0.222222222222222 -0.0476190476190476 1.01587301587302
93.56 0.206349206349206 0.0158730158730159 1.04761904761905
93.6 0.492063492063492 -0.0634920634920635 0.555555555555556
93.63 0.111111111111111 -0.333333333333333 0.920634920634921
93.66 0.476190476190476 0.253968253968254 0.714285714285714
93.7 -0.0952380952380952 -0.285714285714286 1.55555555555556
93.73 0.571428571428571 0 0.333333333333333
93.76 -0.0476190476190476 -0.0793650793650794 0.46031746031746
93.8 0.238095238095238 0.26984126984127 1.53968253968254
93.83 0.19047619047619 -0.317460317460317 0.571428571428571
93.86 0.301587301587302 0.26984126984127 1.3015873015873
93.9 0.158730158730159 -0.317460317460317 0.698412698412698
93.93 0.333333333333333 0.238095238095238 1.06349206349206
93.96 0.126984126984127 -0.380952380952381 0.857142857142857
94 0.396825396825397 0.206349206349206 1.04761904761905
94.03 0.0634920634920635 -0.349206349206349 1.06349206349206
94.06 0.46031746031746 0.19047619047619 1.03174603174603
94.1 0.0158730158730159 -0.301587301587302 1.20634920634921
94.13 0.523809523809524 0.206349206349206 0.984126984126984
94.16 0 -0.222222222222222 1.3015873015873
94.2 0.507936507936508 0.19047619047619 0.80952380952381
94.23 -0.0317460317460317 -0.238095238095238 1.28571428571429
94.26 0.523809523809524 0.142857142857143 0.682539682539683
94.3 0.53968253968254 -0.0793650793650794 0.301587301587302
94.33 -0.0317460317460317 -0.0634920634920635 1.85714285714286
94.36 0.523809523809524 -0.0793650793650794 0.46031746031746
94.4 -0.0158730158730159 0.0317460317460317 1.87301587301587
94.43 0.507936507936508 -0.111111111111111 0.412698412698413
94.46 -0.0158730158730159 0.0476190476190476 1.77777777777778
94.5 0.492063492063492 -0.111111111111111 0.365079365079365
94.53 -0.0317460317460317 0 1.66666666666667
94.56 0.523809523809524 -0.111111111111111 0.285714285714286
94.6 -0.0634920634920635 -0.0952380952380952 1.68253968253968
94.63 0.53968253968254 -0.0793650793650794 0.26984126984127
94.66 -0.0476190476190476 -0.0793650793650794 1.80952380952381
94.7 0.523809523809524 -0.0952380952380952 0.380952380952381
94.73 -0.0158730158730159 -0.0158730158730159 1.88888888888889
94.76 0.523809523809524 -0.0634920634920635 0.492063492063492
94.8 0.380952380952381 -0.26984126984127 0.380952380952381
94.83 0.0634920634920635 0.0952380952380952 1.57142857142857
94.86 0.428571428571429 -0.26984126984127 0.285714285714286
94.9 0.0476190476190476 0.0634920634920635 1.66666666666667
94.93 0.46031746031746 -0.238095238095238 0.317460317460317
94.96 0.0634920634920635 0.0793650793650794 1.79365079365079
95 0.444444444444444 -0.222222222222222 0.380952380952381
95.03 0.0476190476190476 0.111111111111111 1.88888888888889
95.06 0.476190476190476 -0.19047619047619 0.396825396825397
95.1 0.0476190476190476 0.111111111111111 1.80952380952381
95.13 0.46031746031746 -0.174603174603175 0.380952380952381
95.16 0.0158730158730159 0.0476190476190476 1.68253968253968
95.2 0.492063492063492 -0.142857142857143 0.285714285714286
95.23 -0.0158730158730159 -0.0317460317460317 1.61904761904762
95.26 0.158730158730159 0.174603174603175 1.74603174603175
95.3 0.365079365079365 -0.285714285714286 0.46031746031746
95.33 0.142857142857143 0.206349206349206 1.79365079365079
95.36 0.349206349206349 -0.301587301587302 0.444444444444444
95.4 0.111111111111111 0.19047619047619 1.65079365079365
95.43 0.365079365079365 -0.26984126984127 0.380952380952381
95.46 0.0634920634920635 0.111111111111111 1.55555555555556
95.5 0.444444444444444 -0.253968253968254 0.26984126984127
95.53 0.0158730158730159 0.0158730158730159 1.61904761904762
95.56 0.476190476190476 -0.174603174603175 0.26984126984127
95.6 0.0158730158730159 0 1.77777777777778
95.63 0.476190476190476 -0.19047619047619 0.396825396825397
95.66 0.0158730158730159 0.0634920634920635 1.88888888888889
95.7 0.507936507936508 -0.142857142857143 0.428571428571429
95.73 -0.0158730158730159 0.0793650793650794 1.85714285714286
95.76 0.492063492063492 -0.0952380952380952 0.412698412698413
95.8 -0.0476190476190476 -0.301587301587302 0.285714285714286
95.83 0.0793650793650794 0.0793650793650794 1.63492063492063
95.86 0.412698412698413 -0.253968253968254 0.333333333333333
95.9 0.0952380952380952 0.111111111111111 1.77777777777778
95.93 0.444444444444444 -0.222222222222222 0.380952380952381
95.96 0.0634920634920635 0.126984126984127 1.87301587301587
96 0.46031746031746 -0.19047619047619 0.428571428571429
96.03 0.0158730158730159 0.0952380952380952 1.80952380952381
96.06 0.476190476190476 -0.142857142857143 0.365079365079365
96.1 -0.0317460317460317 0.0158730158730159 1.65079365079365
96.13 0.507936507936508 -0.0952380952380952 0.285714285714286
96.16 -0.0634920634920635 -0.111111111111111 1.65079365079365
96.2 0.555555555555556 -0.0158730158730159 0.301587301587302
96.23 -0.0634920634920635 -0.174603174603175 1.68253968253968
96.3 -0.0158730158730159 -0.126984126984127 0.396825396825397
96.33 0.0476190476190476 0.111111111111111 1.74603174603175
96.36 0.476190476190476 -0.142857142857143 0.349206349206349
96.4 -0.0317460317460317 -0.0158730158730159 1.65079365079365
96.43 0.53968253968254 -0.0634920634920635 0.26984126984127
96.46 -0.0634920634920635 -0.126984126984127 1.71428571428571
96.5 0.555555555555556 -0.0158730158730159 0.333333333333333
96.53 -0.0476190476190476 -0.158730158730159 1.73015873015873
96.56 0.555555555555556 0.0158730158730159 0.53968253968254
96.6 -0.0158730158730159 -0.126984126984127 1.6984126984127
96.63 0.571428571428571 0.0952380952380952 0.698412698412698
96.66 -0.0634920634920635 -0.142857142857143 1.58730158730159
96.7 0.555555555555556 0.142857142857143 0.682539682539683
96.73 -0.0317460317460317 -0.206349206349206 1.36507936507937
96.76 0.53968253968254 0.174603174603175 1.71428571428571
96.8 0 -0.349206349206349 1.15873015873016
96.83 -0.0158730158730159 -0.158730158730159 1.73015873015873
96.86 0.555555555555556 0.0317460317460317 0.619047619047619
96.9 -0.0476190476190476 -0.111111111111111 1.61904761904762
96.93 0.571428571428571 0.111111111111111 0.73015873015873
96.96 -0.0317460317460317 -0.19047619047619 1.47619047619048
97 0.523809523809524 0.158730158730159 0.73015873015873
97.03 -0.0158730158730159 -0.285714285714286 1.22222222222222
97.06 0.507936507936508 0.206349206349206 0.761904761904762
97.1 0.0476190476190476 -0.365079365079365 1.06349206349206
97.13 0.428571428571429 0.222222222222222 0.920634920634921
97.16 0.111111111111111 -0.380952380952381 0.904761904761905
97.2 0.380952380952381 0.222222222222222 1.23809523809524
97.23 0.174603174603175 -0.333333333333333 0.777777777777778
97.26 0.333333333333333 0.26984126984127 1.46031746031746
97.33 0.0317460317460317 -0.333333333333333 1.01587301587302
97.36 0.396825396825397 0.206349206349206 0.952380952380952
97.4 0.142857142857143 -0.380952380952381 0.793650793650794
97.43 0.333333333333333 0.222222222222222 1.19047619047619
97.46 0.19047619047619 -0.365079365079365 0.73015873015873
97.5 0.317460317460317 0.206349206349206 1.42857142857143
97.53 0.238095238095238 -0.333333333333333 0.603174603174603
97.56 0.253968253968254 0.285714285714286 1.58730158730159
97.6 0.26984126984127 -0.349206349206349 0.555555555555556
97.63 0.19047619047619 0.222222222222222 1.58730158730159
97.66 0.349206349206349 -0.285714285714286 0.349206349206349
97.7 0.0793650793650794 0.142857142857143 1.57142857142857
97.73 0.444444444444444 -0.26984126984127 0.253968253968254
97.76 0.0158730158730159 0.0158730158730159 1.66666666666667
97.83 0.301587301587302 -0.317460317460317 0.523809523809524
97.86 0.174603174603175 0.238095238095238 1.66666666666667
97.9 0.349206349206349 -0.26984126984127 0.428571428571429
97.93 0.0634920634920635 0.158730158730159 1.6984126984127
97.96 0.444444444444444 -0.19047619047619 0.26984126984127
98 -0.0317460317460317 -0.0158730158730159 1.66666666666667
98.03 0.507936507936508 -0.126984126984127 0.26984126984127
98.06 -0.0634920634920635 -0.111111111111111 1.73015873015873
98.1 0.571428571428571 -0.0476190476190476 0.317460317460317
98.13 -0.0476190476190476 -0.0952380952380952 1.80952380952381
98.16 0.53968253968254 -0.0158730158730159 0.444444444444444
98.2 -0.0317460317460317 -0.0634920634920635 1.79365079365079
98.23 0.571428571428571 0 0.523809523809524
98.26 -0.0634920634920635 -0.0634920634920635 1.73015873015873
98.3 0.53968253968254 0.0317460317460317 0.476190476190476
98.33 0.476190476190476 -0.174603174603175 0.206349206349206
98.36 0 -0.0158730158730159 1.77777777777778
98.4 0.507936507936508 -0.158730158730159 0.317460317460317
98.43 0.0158730158730159 0.0158730158730159 1.87301587301587
98.46 0.492063492063492 -0.126984126984127 0.412698412698413
98.5 0 0.0634920634920635 1.88888888888889
98.53 0.476190476190476 -0.0952380952380952 0.428571428571429
98.56 -0.0158730158730159 0.0158730158730159 1.76190476190476
98.6 0.507936507936508 -0.0476190476190476 0.380952380952381
98.63 -0.0634920634920635 -0.111111111111111 1.66666666666667
98.66 0.555555555555556 0 0.333333333333333
98.7 -0.0634920634920635 -0.19047619047619 1.63492063492063
98.73 0.571428571428571 0.0158730158730159 0.365079365079365
98.76 -0.0476190476190476 -0.19047619047619 1.68253968253968
98.8 0.571428571428571 0.0476190476190476 0.53968253968254
98.83 -0.0158730158730159 -0.111111111111111 0.380952380952381
98.86 0 0.0476190476190476 1.74603174603175
98.9 0.492063492063492 -0.111111111111111 0.26984126984127
98.93 -0.0317460317460317 -0.0476190476190476 1.6984126984127
98.96 0.523809523809524 -0.0793650793650794 0.238095238095238
99 -0.0476190476190476 -0.126984126984127 1.76190476190476
99.06 -0.0476190476190476 -0.126984126984127 1.80952380952381
99.1 0.365079365079365 0.0476190476190476 0.904761904761905
99.13 0.19047619047619 -0.0952380952380952 1.22222222222222
99.16 0.253968253968254 -0.0317460317460317 1.01587301587302
99.56 0.238095238095238 -0.0634920634920635 1.04761904761905
99.96 0.238095238095238 -0.0476190476190476 1.03174603174603
100.36 0.238095238095238 -0.0634920634920635 1
100.76 0.26984126984127 -0.0634920634920635 1
101.16 0.26984126984127 -0.0476190476190476 1.01587301587302
101.56 0.253968253968254 -0.0476190476190476 1.01587301587302
101.96 0.238095238095238 -0.0476190476190476 1.03174603174603
102.06 0.317460317460317 0.0158730158730159 1.0952380952381
102.1 0.222222222222222 -0.158730158730159 0.904761904761905
102.16 0.238095238095238 -0.126984126984127 0.984126984126984
102.23 0.222222222222222 -0.0317460317460317 1.03174603174603
102.26 0.238095238095238 0.0317460317460317 1.07936507936508
102.53 0.253968253968254 -0.0317460317460317 1.04761904761905
102.56 0.238095238095238 -0.0952380952380952 1
102.63 0.253968253968254 -0.174603174603175 0.936507936507937
102.66 0.238095238095238 -0.111111111111111 0.968253968253968
102.73 0.253968253968254 -0.0158730158730159 1.07936507936508
102.76 0.253968253968254 0.0634920634920635 1.07936507936508
102.86 0.253968253968254 0 1
102.93 0.238095238095238 0 1.07936507936508
102.96 0.26984126984127 0.0634920634920635 1.0952380952381
103.03 0.238095238095238 0.0317460317460317 1.03174603174603
103.1 0.26984126984127 -0.0634920634920635 0.984126984126984
103.13 0.238095238095238 -0.158730158730159 0.936507936507937
103.26 0.238095238095238 -0.0634920634920635 1.03174603174603
103.36 0.253968253968254 -0.174603174603175 0.952380952380952
103.43 0.238095238095238 -0.111111111111111 1
103.5 0.222222222222222 0 1.07936507936508
103.56 0.253968253968254 0.0634920634920635 1.0952380952381
103.63 0.238095238095238 0.0158730158730159 1.03174603174603
103.7 0.253968253968254 -0.0952380952380952 0.952380952380952
103.76 0.253968253968254 -0.158730158730159 0.936507936507937
103.86 0.238095238095238 -0.0634920634920635 1.01587301587302
103.93 0.238095238095238 -0.142857142857143 0.920634920634921
104.03 0.238095238095238 -0.126984126984127 0.984126984126984
104.13 0.238095238095238 -0.0158730158730159 1.06349206349206
104.2 0.253968253968254 0.0476190476190476 1.11111111111111
104.26 0.26984126984127 0.0317460317460317 1.04761904761905
104.33 0.238095238095238 -0.0317460317460317 1
104.43 0.253968253968254 0.0158730158730159 1.11111111111111
104.56 0.253968253968254 0 1.04761904761905
104.63 0.253968253968254 -0.0634920634920635 0.984126984126984
104.7 0.253968253968254 -0.126984126984127 0.952380952380952
104.93 0.253968253968254 0.0317460317460317 1.06349206349206
105.03 0.253968253968254 -0.0793650793650794 0.968253968253968
105.13 0.238095238095238 -0.158730158730159 0.968253968253968
105.23 0.238095238095238 -0.0952380952380952 1.03174603174603
105.3 0.238095238095238 -0.0158730158730159 1.07936507936508
105.36 0.238095238095238 0.0476190476190476 1.07936507936508
105.43 0.253968253968254 0.0317460317460317 0.952380952380952
105.46 0.238095238095238 -0.142857142857143 0.968253968253968
105.53 0.238095238095238 -0.0793650793650794 1.01587301587302
105.6 0.222222222222222 0.0158730158730159 1.04761904761905
105.83 0.253968253968254 -0.0476190476190476 1
105.9 0.253968253968254 -0.142857142857143 0.952380952380952
105.93 0.253968253968254 0.0476190476190476 1.04761904761905
106.06 0.253968253968254 -0.0158730158730159 1.06349206349206
106.1 0.253968253968254 -0.0317460317460317 1
106.2 0.253968253968254 -0.0952380952380952 0.968253968253968
106.46 0.253968253968254 0 1.03174603174603
106.53 0.253968253968254 -0.0634920634920635 0.984126984126984
106.73 0.238095238095238 -0.126984126984127 0.952380952380952
106.9 0.222222222222222 -0.0952380952380952 1.01587301587302
107.13 0.222222222222222 -0.158730158730159 0.968253968253968
107.3 0.222222222222222 -0.0952380952380952 1
107.46 0.238095238095238 -0.126984126984127 0.936507936507937
107.7 0.253968253968254 -0.0476190476190476 1.01587301587302
108.1 0.238095238095238 -0.0476190476190476 1.03174603174603
108.5 0.253968253968254 -0.0476190476190476 1
108.9 0.238095238095238 -0.0634920634920635 1.04761904761905
109.7 0.238095238095238 -0.0476190476190476 1
110.1 0.238095238095238 -0.0634920634920635 1.01587301587302
110.5 0.26984126984127 -0.0634920634920635 1.01587301587302
110.53 0.26984126984127 0.0158730158730159 1.01587301587302
110.56 0.238095238095238 0.0158730158730159 0.952380952380952
110.6 0.19047619047619 0.0793650793650794 0.873015873015873
110.66 0.238095238095238 0.0158730158730159 0.904761904761905
110.93 0.206349206349206 0.0793650793650794 0.904761904761905
111.06 0.238095238095238 -0.174603174603175 1.07936507936508
111.36 0.238095238095238 -0.19047619047619 1.01587301587302
111.56 0.26984126984127 0.0476190476190476 1.03174603174603
111.7 0.253968253968254 0 1.12698412698413
111.8 0.285714285714286 -0.0634920634920635 1.07936507936508
111.9 0.26984126984127 -0.126984126984127 1.0952380952381
112.06 0.222222222222222 0.0634920634920635 0.920634920634921
112.26 0.253968253968254 0.0952380952380952 0.984126984126984
112.4 0.26984126984127 0.0158730158730159 1.07936507936508
112.53 0.26984126984127 -0.0476190476190476 1.0952380952381
112.56 0.238095238095238 0 0.888888888888889
112.63 0.222222222222222 0.0317460317460317 0.968253968253968
112.76 0.222222222222222 0.0952380952380952 0.952380952380952
112.96 0.253968253968254 0.0317460317460317 1.04761904761905
113.03 0.26984126984127 -0.0317460317460317 1.0952380952381
113.06 0.222222222222222 -0.0476190476190476 0.952380952380952
113.16 0.222222222222222 0.0317460317460317 0.920634920634921
113.3 0.253968253968254 0.0952380952380952 0.984126984126984
113.46 0.253968253968254 0.0317460317460317 1.01587301587302
113.53 0.26984126984127 -0.0158730158730159 1.07936507936508
113.56 0.222222222222222 -0.0476190476190476 0.952380952380952
113.63 0.222222222222222 0.0476190476190476 0.936507936507937
113.83 0.26984126984127 0.0952380952380952 1
113.9 0.26984126984127 0.0158730158730159 1.07936507936508
113.96 0.26984126984127 -0.0476190476190476 1.0952380952381
114.03 0.26984126984127 -0.111111111111111 1.0952380952381
114.06 0.238095238095238 0.0634920634920635 0.888888888888889
114.16 0.238095238095238 0.0952380952380952 0.952380952380952
114.23 0.253968253968254 0.0634920634920635 1.01587301587302
114.33 0.253968253968254 -0.0158730158730159 1.03174603174603
114.4 0.26984126984127 -0.0793650793650794 1.0952380952381
114.5 0.253968253968254 -0.158730158730159 1.12698412698413
114.53 0.253968253968254 0.0952380952380952 0.920634920634921
114.76 0.253968253968254 -0.0158730158730159 1.07936507936508
114.83 0.26984126984127 -0.0793650793650794 1.06349206349206
114.9 0.26984126984127 -0.158730158730159 1.06349206349206
115.06 0.253968253968254 0.0793650793650794 1.03174603174603
115.13 0.26984126984127 0.0158730158730159 1.07936507936508
115.23 0.26984126984127 -0.0793650793650794 1.07936507936508
115.3 0.285714285714286 -0.142857142857143 1.12698412698413
115.4 0.222222222222222 -0.206349206349206 1.0952380952381
115.46 0.238095238095238 -0.19047619047619 1.01587301587302
115.53 0.26984126984127 0.0317460317460317 1.03174603174603
115.6 0.26984126984127 -0.0317460317460317 1.06349206349206
115.63 0.26984126984127 -0.0952380952380952 1.07936507936508
115.76 0.253968253968254 -0.174603174603175 1.06349206349206
115.96 0.222222222222222 -0.126984126984127 0.984126984126984
116.03 0.238095238095238 -0.0158730158730159 0.936507936507937
116.06 0.253968253968254 -0.126984126984127 1.0952380952381
116.13 0.26984126984127 -0.19047619047619 1.12698412698413
116.16 0.301587301587302 -0.0317460317460317 1.11111111111111
116.2 0.222222222222222 -0.111111111111111 0.968253968253968
116.26 0.253968253968254 -0.0476190476190476 1.01587301587302
116.66 0.238095238095238 -0.0476190476190476 1.01587301587302
117.06 0.26984126984127 -0.0476190476190476 1
117.46 0.253968253968254 -0.0793650793650794 1.01587301587302
117.86 0.222222222222222 -0.0476190476190476 1.01587301587302
118.26 0.238095238095238 -0.0317460317460317 1.03174603174603
118.66 0.238095238095238 -0.0476190476190476 1.01587301587302
119.03 0.301587301587302 -0.142857142857143 1.07936507936508
119.06 0.19047619047619 -0.0317460317460317 0.873015873015873
119.13 0.253968253968254 -0.174603174603175 1.06349206349206
119.23 0.253968253968254 -0.111111111111111 1.04761904761905
119.26 0.253968253968254 -0.0158730158730159 1.04761904761905
119.33 0.285714285714286 0.0476190476190476 0.936507936507937
119.43 0.238095238095238 -0.0317460317460317 1
119.46 0.238095238095238 -0.111111111111111 0.984126984126984
119.5 0.238095238095238 -0.174603174603175 1.03174603174603
119.53 0.222222222222222 -0.142857142857143 1.11111111111111
119.56 0.238095238095238 0 0.952380952380952
119.66 0.206349206349206 -0.174603174603175 1.03174603174603
119.7 0.222222222222222 -0.174603174603175 1.11111111111111
119.76 0.26984126984127 -0.0793650793650794 1.07936507936508
119.83 0.253968253968254 -0.0158730158730159 1.06349206349206
119.9 0.253968253968254 0.0476190476190476 0.984126984126984
120 0.238095238095238 -0.0317460317460317 0.952380952380952
120.1 0.26984126984127 0.0634920634920635 1.04761904761905
120.13 0.26984126984127 0.0317460317460317 0.968253968253968
120.2 0.206349206349206 -0.0158730158730159 0.936507936507937
120.26 0.206349206349206 -0.0793650793650794 0.968253968253968
120.3 0.222222222222222 -0.142857142857143 1.01587301587302
120.36 0.238095238095238 -0.158730158730159 1.12698412698413
120.43 0.26984126984127 -0.0476190476190476 1.07936507936508
120.5 0.253968253968254 0.0317460317460317 1.04761904761905
120.56 0.26984126984127 0.0476190476190476 0.936507936507937
120.6 0.238095238095238 -0.158730158730159 1.12698412698413
120.63 0.26984126984127 -0.0952380952380952 1.11111111111111
120.7 0.285714285714286 -0.0158730158730159 1.04761904761905
120.76 0.26984126984127 0.0476190476190476 0.984126984126984
120.86 0.222222222222222 -0.0158730158730159 0.936507936507937
120.93 0.206349206349206 -0.0952380952380952 0.952380952380952
120.96 0.222222222222222 -0.174603174603175 0.984126984126984
121 0.238095238095238 -0.19047619047619 1.12698412698413
121.06 0.253968253968254 -0.0952380952380952 1.07936507936508
121.1 0.206349206349206 0 0.968253968253968
121.13 0.19047619047619 -0.0634920634920635 0.968253968253968
121.16 0.206349206349206 -0.126984126984127 0.952380952380952
121.23 0.222222222222222 -0.174603174603175 1.0952380952381
121.3 0.26984126984127 -0.0634920634920635 1.07936507936508
121.36 0.26984126984127 0.0158730158730159 1.07936507936508
121.46 0.285714285714286 0.0634920634920635 0.936507936507937
121.53 0.238095238095238 -0.0158730158730159 0.952380952380952
121.56 0.206349206349206 0.0158730158730159 1.06349206349206
121.6 0.26984126984127 0.0476190476190476 1.06349206349206
121.66 0.301587301587302 0.0793650793650794 0.968253968253968
121.73 0.238095238095238 -0.0158730158730159 0.968253968253968
121.8 0.19047619047619 -0.0952380952380952 0.968253968253968
121.86 0.206349206349206 -0.158730158730159 1
121.9 0.206349206349206 -0.19047619047619 1.0952380952381
122.03 0.26984126984127 0.0158730158730159 1.07936507936508
122.06 0.19047619047619 -0.158730158730159 1
122.13 0.222222222222222 -0.174603174603175 1.0952380952381
122.2 0.285714285714286 -0.0793650793650794 1.07936507936508
122.23 0.26984126984127 0 1.04761904761905
122.3 0.285714285714286 0.0793650793650794 1.01587301587302
122.36 0.26984126984127 0.0476190476190476 0.920634920634921
122.4 0.222222222222222 -0.0158730158730159 0.968253968253968
122.43 0.206349206349206 -0.0793650793650794 0.952380952380952
122.5 0.19047619047619 -0.158730158730159 1
122.53 0.222222222222222 -0.174603174603175 1.07936507936508
122.56 0.285714285714286 0.0793650793650794 0.952380952380952
122.63 0.253968253968254 -0.0158730158730159 0.968253968253968
122.66 0.222222222222222 -0.0793650793650794 0.968253968253968
122.7 0.206349206349206 -0.142857142857143 0.936507936507937
122.73 0.19047619047619 -0.174603174603175 1
122.76 0.19047619047619 -0.19047619047619 1.07936507936508
122.83 0.26984126984127 -0.0793650793650794 1.06349206349206
122.86 0.285714285714286 0 1.04761904761905
122.93 0.26984126984127 0.0634920634920635 1.04761904761905
122.96 0.285714285714286 0.0793650793650794 0.984126984126984
123 0.285714285714286 0.0634920634920635 0.920634920634921
123.03 0.222222222222222 -0.142857142857143 1.04761904761905
123.1 0.26984126984127 -0.0158730158730159 1.03174603174603
123.13 0.26984126984127 0.0476190476190476 1.03174603174603
123.2 0.285714285714286 0.0793650793650794 0.936507936507937
123.26 0.253968253968254 -0.0158730158730159 0.952380952380952
123.33 0.222222222222222 -0.111111111111111 0.936507936507937
123.43 0.174603174603175 -0.174603174603175 1.04761904761905
123.5 0.285714285714286 -0.0793650793650794 1.07936507936508
123.53 0.238095238095238 -0.126984126984127 0.968253968253968
123.6 0.206349206349206 -0.158730158730159 1.04761904761905
123.73 0.253968253968254 -0.0634920634920635 1.04761904761905
123.76 0.26984126984127 0 1.03174603174603
123.8 0.26984126984127 0.0793650793650794 1.03174603174603
123.86 0.301587301587302 0.0634920634920635 0.952380952380952
123.93 0.253968253968254 -0.0317460317460317 0.968253968253968
