15 7 46 69
15 7 52 147

6.199 0.206349206349206 0.0793650793650794 1.01587301587302
6.599 0.19047619047619 0.0793650793650794 1.03174603174603
6.999 0.222222222222222 0.0634920634920635 1.03174603174603
7.399 0.222222222222222 0.0793650793650794 1.03174603174603
7.799 0.206349206349206 0.0793650793650794 1.03174603174603
8.199 0.222222222222222 0.0952380952380952 1.04761904761905
8.599 0.222222222222222 0.0634920634920635 1.01587301587302
8.999 0.206349206349206 0.0476190476190476 1.03174603174603
9.399 0.222222222222222 0.0634920634920635 1
9.799 0.238095238095238 0.0793650793650794 1
10.199 0.222222222222222 0.0634920634920635 0.984126984126984
10.466 0.206349206349206 0.0952380952380952 1.04761904761905
10.866 0.206349206349206 0.0634920634920635 1.03174603174603
11.266 0.206349206349206 0.0952380952380952 1.03174603174603
11.666 0.222222222222222 0.0952380952380952 1.03174603174603
12.066 0.206349206349206 0.0793650793650794 1.04761904761905
12.466 0.222222222222222 0.0634920634920635 0.984126984126984
12.866 0.206349206349206 0.0793650793650794 1.03174603174603
13.266 0.206349206349206 0.0476190476190476 1.03174603174603
13.666 0.238095238095238 0.0952380952380952 1.04761904761905
14.066 0.206349206349206 0.0634920634920635 1.01587301587302
14.466 0.222222222222222 0.0634920634920635 1
14.732 0.19047619047619 0.0793650793650794 1.06349206349206
14.799 0.222222222222222 0.0476190476190476 1
14.832 0.206349206349206 0.111111111111111 1.01587301587302
14.932 0.222222222222222 0.0634920634920635 0.952380952380952
14.966 0.222222222222222 0.0317460317460317 1.01587301587302
15.032 0.206349206349206 0.0634920634920635 1.07936507936508
15.099 0.206349206349206 0.111111111111111 0.968253968253968
15.199 0.222222222222222 0.0634920634920635 1.03174603174603
15.232 0.238095238095238 0.0952380952380952 0.952380952380952
15.299 0.238095238095238 0.0634920634920635 1.01587301587302
15.332 0.206349206349206 0.0634920634920635 1.07936507936508
15.432 0.19047619047619 0.0952380952380952 1.01587301587302
15.466 0.206349206349206 0.0793650793650794 0.952380952380952
15.499 0.238095238095238 0.0476190476190476 1.01587301587302
15.566 0.238095238095238 0.0793650793650794 1.0952380952381
15.666 0.222222222222222 0.111111111111111 1
15.699 0.222222222222222 0.0793650793650794 1.07936507936508
15.766 0.206349206349206 0.0952380952380952 1.01587301587302
16.066 0.222222222222222 0.0952380952380952 0.936507936507937
16.132 0.222222222222222 0.0476190476190476 1
16.199 0.222222222222222 0.0793650793650794 1.0952380952381
16.232 0.222222222222222 0.0476190476190476 1
16.299 0.222222222222222 0.0634920634920635 1.0952380952381
16.366 0.222222222222222 0.111111111111111 1
16.466 0.238095238095238 0.0476190476190476 1
16.532 0.222222222222222 0.0634920634920635 1.11111111111111
16.566 0.222222222222222 0.0793650793650794 1.04761904761905
16.666 0.222222222222222 0.0793650793650794 0.968253968253968
16.699 0.238095238095238 0.0952380952380952 1.06349206349206
16.732 0.206349206349206 0.111111111111111 1
16.865 0.222222222222222 0.0634920634920635 1.06349206349206
16.999 0.222222222222222 0.126984126984127 0.984126984126984
17.065 0.222222222222222 0.0476190476190476 0.984126984126984
17.099 0.222222222222222 0.0476190476190476 1.06349206349206
17.199 0.206349206349206 0.111111111111111 1.03174603174603
17.232 0.222222222222222 0.0476190476190476 1.06349206349206
17.332 0.206349206349206 0.111111111111111 0.984126984126984
17.432 0.206349206349206 0.0476190476190476 1.01587301587302
17.465 0.222222222222222 0.0476190476190476 1.07936507936508
17.565 0.206349206349206 0.0952380952380952 1
17.799 0.222222222222222 0.0317460317460317 1.03174603174603
17.865 0.222222222222222 0.0634920634920635 1.11111111111111
17.899 0.222222222222222 0.111111111111111 1.03174603174603
17.965 0.206349206349206 0.0952380952380952 0.968253968253968
18.032 0.238095238095238 0.0317460317460317 1.06349206349206
18.099 0.222222222222222 0.0952380952380952 1.07936507936508
18.132 0.206349206349206 0.111111111111111 1.01587301587302
18.332 0.206349206349206 0.0793650793650794 0.952380952380952
18.399 0.222222222222222 0.0317460317460317 1.04761904761905
18.499 0.222222222222222 0.0952380952380952 1.04761904761905
18.565 0.222222222222222 0.0952380952380952 0.968253968253968
18.665 0.206349206349206 0.0476190476190476 1.04761904761905
18.699 0.222222222222222 0.0793650793650794 0.952380952380952
18.732 0.222222222222222 0.0317460317460317 1.04761904761905
18.865 0.206349206349206 0.111111111111111 1
18.999 0.222222222222222 0.0476190476190476 1.04761904761905
19.099 0.206349206349206 0.111111111111111 1.01587301587302
19.265 0.222222222222222 0.0952380952380952 0.952380952380952
19.365 0.238095238095238 0.0476190476190476 1.01587301587302
19.399 0.206349206349206 0.0317460317460317 1.0952380952381
19.465 0.206349206349206 0.111111111111111 1.04761904761905
19.499 0.222222222222222 0.126984126984127 0.984126984126984
19.565 0.222222222222222 0.0634920634920635 0.952380952380952
19.599 0.222222222222222 0.0476190476190476 1.03174603174603
19.632 0.222222222222222 0.0634920634920635 1.11111111111111
19.699 0.222222222222222 0.111111111111111 1.04761904761905
19.732 0.222222222222222 0.0476190476190476 1.04761904761905
20.132 0.222222222222222 0.0634920634920635 1
20.532 0.222222222222222 0.111111111111111 1.03174603174603
20.932 0.222222222222222 0.0793650793650794 1.03174603174603
21.332 0.222222222222222 0.0793650793650794 1.03174603174603
21.732 0.238095238095238 0.0634920634920635 1.03174603174603
22.132 0.238095238095238 0.0952380952380952 1.01587301587302
22.532 0.222222222222222 0.0793650793650794 1.03174603174603
22.932 0.222222222222222 0.0793650793650794 1.01587301587302
23.265 0.222222222222222 0.0158730158730159 1.03174603174603
23.332 0.222222222222222 0.0952380952380952 1.01587301587302
23.532 0.238095238095238 0.0952380952380952 1.07936507936508
23.565 0.222222222222222 0.0634920634920635 0.968253968253968
23.599 0.238095238095238 0.0952380952380952 1.0952380952381
23.632 0.238095238095238 0.0793650793650794 0.984126984126984
23.699 0.222222222222222 0.0952380952380952 1.07936507936508
23.732 0.253968253968254 0.0793650793650794 0.952380952380952
23.765 0.222222222222222 0.0952380952380952 1.06349206349206
23.799 0.238095238095238 0.0793650793650794 0.936507936507937
23.832 0.238095238095238 0.0952380952380952 1.0952380952381
23.865 0.253968253968254 0.0952380952380952 0.952380952380952
23.899 0.222222222222222 0.0793650793650794 1.07936507936508
23.932 0.222222222222222 0.0634920634920635 0.968253968253968
23.965 0.222222222222222 0.111111111111111 1.06349206349206
23.999 0.222222222222222 0.0793650793650794 0.952380952380952
24.032 0.222222222222222 0.0952380952380952 1.07936507936508
24.065 0.238095238095238 0.0793650793650794 0.984126984126984
24.099 0.222222222222222 0.0952380952380952 1.06349206349206
24.132 0.238095238095238 0.0634920634920635 0.968253968253968
24.199 0.222222222222222 0.0952380952380952 1.03174603174603
24.432 0.222222222222222 0.0634920634920635 0.952380952380952
24.465 0.222222222222222 0.0952380952380952 1.07936507936508
24.499 0.238095238095238 0.0634920634920635 0.968253968253968
24.532 0.238095238095238 0.0793650793650794 1.0952380952381
24.565 0.222222222222222 0.0634920634920635 0.952380952380952
24.599 0.222222222222222 0.0952380952380952 1.06349206349206
24.665 0.238095238095238 0.0793650793650794 0.984126984126984
24.699 0.238095238095238 0.111111111111111 1.07936507936508
24.732 0.206349206349206 0.0634920634920635 0.952380952380952
24.765 0.206349206349206 0.111111111111111 1.0952380952381
24.799 0.238095238095238 0.0793650793650794 0.952380952380952
24.832 0.222222222222222 0.0952380952380952 1.0952380952381
24.865 0.238095238095238 0.0793650793650794 0.952380952380952
24.899 0.206349206349206 0.0952380952380952 1.07936507936508
24.932 0.222222222222222 0.0793650793650794 0.984126984126984
24.965 0.222222222222222 0.0952380952380952 1.0952380952381
24.999 0.222222222222222 0.0952380952380952 0.952380952380952
25.032 0.222222222222222 0.0793650793650794 1.07936507936508
25.065 0.222222222222222 0.0952380952380952 0.984126984126984
25.099 0.206349206349206 0.0793650793650794 1.07936507936508
25.165 0.238095238095238 0.0793650793650794 0.968253968253968
25.198 0.222222222222222 0.0952380952380952 1.0952380952381
25.232 0.238095238095238 0.0793650793650794 0.984126984126984
25.265 0.238095238095238 0.0793650793650794 1.04761904761905
25.532 0.222222222222222 0.0793650793650794 0.968253968253968
25.565 0.206349206349206 0.0952380952380952 1.04761904761905
25.598 0.253968253968254 0.0634920634920635 0.952380952380952
25.665 0.222222222222222 0.0952380952380952 1.04761904761905
25.698 0.238095238095238 0.0793650793650794 0.968253968253968
25.732 0.238095238095238 0.0952380952380952 1.04761904761905
25.765 0.238095238095238 0.111111111111111 0.952380952380952
25.798 0.222222222222222 0.111111111111111 1.06349206349206
25.832 0.222222222222222 0.0793650793650794 1
25.865 0.222222222222222 0.111111111111111 1.06349206349206
25.898 0.222222222222222 0.0793650793650794 0.968253968253968
25.932 0.238095238095238 0.0952380952380952 1.07936507936508
25.965 0.222222222222222 0.111111111111111 0.968253968253968
25.998 0.222222222222222 0.0952380952380952 1.04761904761905
26.132 0.253968253968254 0.111111111111111 0.984126984126984
26.165 0.238095238095238 0.0634920634920635 1.07936507936508
26.198 0.222222222222222 0.111111111111111 0.984126984126984
26.232 0.238095238095238 0.0793650793650794 1.04761904761905
26.365 0.222222222222222 0.0634920634920635 0.968253968253968
26.398 0.206349206349206 0.0952380952380952 1.07936507936508
26.432 0.238095238095238 0.0793650793650794 0.936507936507937
26.465 0.222222222222222 0.111111111111111 1.07936507936508
26.498 0.253968253968254 0.0634920634920635 0.968253968253968
26.532 0.222222222222222 0.111111111111111 1.0952380952381
26.565 0.238095238095238 0.0793650793650794 0.952380952380952
26.598 0.238095238095238 0.0793650793650794 1.07936507936508
26.665 0.238095238095238 0.0634920634920635 0.952380952380952
26.698 0.222222222222222 0.0952380952380952 1.03174603174603
26.732 0.238095238095238 0.0634920634920635 0.936507936507937
26.765 0.206349206349206 0.0952380952380952 1.07936507936508
26.798 0.238095238095238 0.0793650793650794 0.952380952380952
26.832 0.222222222222222 0.0634920634920635 1.0952380952381
26.865 0.238095238095238 0.0952380952380952 0.984126984126984
26.898 0.222222222222222 0.0793650793650794 1.06349206349206
26.932 0.222222222222222 0.0952380952380952 0.968253968253968
26.965 0.222222222222222 0.0634920634920635 1.04761904761905
26.998 0.238095238095238 0.111111111111111 0.984126984126984
27.298 0.238095238095238 0.111111111111111 1.06349206349206
27.332 0.222222222222222 0.0634920634920635 1
27.498 0.222222222222222 0.111111111111111 1.06349206349206
27.532 0.238095238095238 0.0952380952380952 0.952380952380952
27.565 0.222222222222222 0.111111111111111 1.0952380952381
27.698 0.238095238095238 0.0634920634920635 0.936507936507937
27.732 0.222222222222222 0.0793650793650794 1.06349206349206
27.765 0.222222222222222 0.0793650793650794 0.968253968253968
27.798 0.222222222222222 0.0634920634920635 1.06349206349206
27.832 0.222222222222222 0.0952380952380952 0.952380952380952
27.865 0.222222222222222 0.0793650793650794 1.04761904761905
27.898 0.222222222222222 0.0952380952380952 0.984126984126984
27.932 0.222222222222222 0.0634920634920635 1.04761904761905
28.132 0.206349206349206 0.0634920634920635 0.968253968253968
28.198 0.222222222222222 0.0793650793650794 1.04761904761905
28.232 0.238095238095238 0.0793650793650794 0.952380952380952
28.265 0.238095238095238 0.0952380952380952 1.06349206349206
28.298 0.238095238095238 0.0793650793650794 0.952380952380952
28.332 0.206349206349206 0.111111111111111 1.04761904761905
28.732 0.238095238095238 0.0952380952380952 1.01587301587302
29.132 0.222222222222222 0.0952380952380952 1.03174603174603
29.532 0.238095238095238 0.0952380952380952 1.01587301587302
29.932 0.222222222222222 0.0634920634920635 1.01587301587302
30.332 0.222222222222222 0.0952380952380952 1.03174603174603
30.732 0.222222222222222 0.0634920634920635 1.03174603174603
31.632 0.238095238095238 0.111111111111111 1.01587301587302
31.765 0.19047619047619 0.158730158730159 0.952380952380952
31.798 0.253968253968254 0.0476190476190476 1.04761904761905
31.832 0.206349206349206 0.0952380952380952 0.968253968253968
31.865 0.253968253968254 0.0793650793650794 1.07936507936508
31.898 0.206349206349206 0.111111111111111 0.968253968253968
31.932 0.253968253968254 0.0793650793650794 1.04761904761905
31.965 0.206349206349206 0.0793650793650794 0.984126984126984
32.065 0.253968253968254 0.0952380952380952 1.04761904761905
32.132 0.238095238095238 0.126984126984127 0.984126984126984
32.165 0.253968253968254 0.0476190476190476 1.04761904761905
32.232 0.206349206349206 0.111111111111111 0.968253968253968
32.265 0.253968253968254 0.0793650793650794 1.06349206349206
32.298 0.222222222222222 0.126984126984127 0.984126984126984
32.332 0.253968253968254 0.0634920634920635 1.07936507936508
32.365 0.238095238095238 0.0793650793650794 0.984126984126984
32.532 0.222222222222222 0.142857142857143 0.952380952380952
32.565 0.253968253968254 0.0634920634920635 1.06349206349206
32.598 0.238095238095238 0.158730158730159 0.968253968253968
32.632 0.26984126984127 0.0317460317460317 1.07936507936508
32.665 0.206349206349206 0.142857142857143 0.952380952380952
32.732 0.26984126984127 0.111111111111111 1.06349206349206
32.798 0.26984126984127 0.0793650793650794 1
32.865 0.238095238095238 0.142857142857143 1
32.898 0.238095238095238 0.0476190476190476 1.04761904761905
32.932 0.238095238095238 0.126984126984127 0.936507936507937
32.965 0.253968253968254 0.0793650793650794 1.03174603174603
32.998 0.222222222222222 0.158730158730159 0.968253968253968
33.032 0.26984126984127 0.0476190476190476 1.07936507936508
33.065 0.222222222222222 0.126984126984127 1
33.098 0.26984126984127 0.0634920634920635 1.0952380952381
33.132 0.238095238095238 0.142857142857143 1
33.165 0.26984126984127 0.0793650793650794 1.06349206349206
33.198 0.253968253968254 0.126984126984127 1
33.232 0.238095238095238 0.0476190476190476 1
33.265 0.238095238095238 0.158730158730159 0.984126984126984
33.298 0.26984126984127 0.0634920634920635 1.06349206349206
33.332 0.222222222222222 0.142857142857143 0.968253968253968
33.365 0.26984126984127 0.0634920634920635 1.06349206349206
33.398 0.222222222222222 0.126984126984127 0.984126984126984
33.431 0.285714285714286 0.0793650793650794 1.07936507936508
33.465 0.222222222222222 0.126984126984127 0.968253968253968
33.498 0.26984126984127 0.0634920634920635 1.04761904761905
33.531 0.222222222222222 0.0952380952380952 0.968253968253968
33.565 0.285714285714286 0.126984126984127 1.01587301587302
33.598 0.222222222222222 0.0634920634920635 1.03174603174603
33.698 0.253968253968254 0.0634920634920635 1.0952380952381
33.731 0.222222222222222 0.158730158730159 0.952380952380952
33.765 0.285714285714286 0.0317460317460317 1.0952380952381
33.798 0.206349206349206 0.111111111111111 0.984126984126984
33.831 0.285714285714286 0.111111111111111 1.04761904761905
33.865 0.238095238095238 0.111111111111111 0.968253968253968
33.898 0.26984126984127 0.0793650793650794 1.04761904761905
33.931 0.253968253968254 0.0793650793650794 0.968253968253968
33.998 0.26984126984127 0.0634920634920635 1.04761904761905
34.031 0.238095238095238 0.126984126984127 0.968253968253968
34.065 0.26984126984127 0.0634920634920635 1.06349206349206
34.098 0.222222222222222 0.174603174603175 0.984126984126984
34.131 0.26984126984127 0.0634920634920635 1.07936507936508
34.198 0.238095238095238 0.111111111111111 0.984126984126984
34.231 0.26984126984127 0.0793650793650794 1.04761904761905
34.298 0.238095238095238 0.158730158730159 0.984126984126984
34.331 0.253968253968254 0.0476190476190476 1.03174603174603
34.365 0.222222222222222 0.142857142857143 0.952380952380952
34.398 0.253968253968254 0.0476190476190476 1.07936507936508
34.431 0.238095238095238 0.158730158730159 0.952380952380952
34.465 0.285714285714286 0.0793650793650794 1.07936507936508
34.498 0.222222222222222 0.126984126984127 0.952380952380952
34.531 0.253968253968254 0.0793650793650794 1.06349206349206
34.565 0.238095238095238 0.111111111111111 0.984126984126984
34.598 0.26984126984127 0.0793650793650794 1.06349206349206
34.631 0.238095238095238 0.0952380952380952 0.984126984126984
34.665 0.253968253968254 0.0476190476190476 1.07936507936508
34.698 0.222222222222222 0.158730158730159 0.952380952380952
34.731 0.285714285714286 0.0317460317460317 1.07936507936508
34.765 0.222222222222222 0.142857142857143 0.952380952380952
34.798 0.26984126984127 0.0793650793650794 1.06349206349206
34.831 0.206349206349206 0.142857142857143 1
34.865 0.285714285714286 0.0634920634920635 1.07936507936508
34.898 0.238095238095238 0.0793650793650794 1
35.065 0.222222222222222 0.19047619047619 0.952380952380952
35.098 0.26984126984127 0.0317460317460317 1.07936507936508
35.131 0.238095238095238 0.126984126984127 1.0952380952381
35.165 0.222222222222222 0.126984126984127 0.984126984126984
35.365 0.253968253968254 0.0634920634920635 1.04761904761905
35.398 0.238095238095238 0.158730158730159 0.968253968253968
35.431 0.253968253968254 0.0634920634920635 1.07936507936508
35.465 0.238095238095238 0.142857142857143 0.952380952380952
35.498 0.26984126984127 0.0793650793650794 1.11111111111111
35.531 0.222222222222222 0.126984126984127 0.984126984126984
35.565 0.285714285714286 0.0634920634920635 1.04761904761905
35.665 0.222222222222222 0.158730158730159 0.952380952380952
35.698 0.26984126984127 0.0476190476190476 1.04761904761905
35.731 0.206349206349206 0.142857142857143 0.952380952380952
35.765 0.26984126984127 0.0793650793650794 1.07936507936508
35.798 0.238095238095238 0.142857142857143 1.01587301587302
35.831 0.26984126984127 0.0634920634920635 1.06349206349206
35.865 0.222222222222222 0.111111111111111 1
36.031 0.238095238095238 0.158730158730159 0.936507936507937
36.065 0.26984126984127 0.0476190476190476 1.03174603174603
36.098 0.222222222222222 0.126984126984127 0.952380952380952
36.131 0.222222222222222 0.111111111111111 1.03174603174603
36.165 0.285714285714286 0.0952380952380952 1.04761904761905
36.198 0.238095238095238 0.111111111111111 0.968253968253968
36.298 0.253968253968254 0.174603174603175 0.984126984126984
36.331 0.238095238095238 0.0634920634920635 1.04761904761905
36.365 0.253968253968254 0.126984126984127 0.952380952380952
36.398 0.26984126984127 0.0634920634920635 1.04761904761905
36.431 0.222222222222222 0.158730158730159 0.968253968253968
36.465 0.301587301587302 0.0634920634920635 1.07936507936508
36.498 0.238095238095238 0.126984126984127 0.968253968253968
36.531 0.26984126984127 0.0793650793650794 1.07936507936508
36.565 0.222222222222222 0.126984126984127 1
36.665 0.26984126984127 0.0476190476190476 1.06349206349206
36.698 0.222222222222222 0.174603174603175 0.952380952380952
36.731 0.285714285714286 0.0634920634920635 1.04761904761905
36.765 0.238095238095238 0.142857142857143 1
36.798 0.285714285714286 0.0793650793650794 1.06349206349206
36.831 0.222222222222222 0.126984126984127 1
37.231 0.253968253968254 0.0952380952380952 1.03174603174603
37.631 0.253968253968254 0.0952380952380952 0.984126984126984
38.031 0.253968253968254 0.0793650793650794 1.03174603174603
38.431 0.238095238095238 0.0952380952380952 1
38.831 0.253968253968254 0.0952380952380952 1.04761904761905
39.031 0.238095238095238 0.111111111111111 0.984126984126984
39.431 0.253968253968254 0.111111111111111 1.01587301587302
39.831 0.238095238095238 0.111111111111111 1
40.231 0.238095238095238 0.111111111111111 1
40.298 0.238095238095238 0.126984126984127 0.920634920634921
40.365 0.253968253968254 0.111111111111111 1
40.765 0.26984126984127 0.0793650793650794 1.01587301587302
41.165 0.253968253968254 0.111111111111111 1.03174603174603
41.565 0.253968253968254 0.0952380952380952 1.01587301587302
41.964 0.238095238095238 0.111111111111111 1.01587301587302
42.364 0.253968253968254 0.0952380952380952 1.01587301587302
42.764 0.253968253968254 0.0952380952380952 1.01587301587302
43.164 0.238095238095238 0.0952380952380952 0.984126984126984
43.398 0.253968253968254 0.0952380952380952 1.04761904761905
43.498 0.238095238095238 0.0952380952380952 0.984126984126984
43.831 0.253968253968254 0.0952380952380952 1.04761904761905
43.931 0.253968253968254 0.0952380952380952 0.984126984126984
44.131 0.253968253968254 0.0793650793650794 1.04761904761905
44.398 0.238095238095238 0.0634920634920635 0.984126984126984
44.698 0.253968253968254 0.126984126984127 1.03174603174603
44.798 0.26984126984127 0.0634920634920635 1
45.198 0.253968253968254 0.111111111111111 1.03174603174603
45.598 0.253968253968254 0.0793650793650794 1.01587301587302
45.998 0.253968253968254 0.111111111111111 1.01587301587302
46.398 0.26984126984127 0.111111111111111 1
46.798 0.253968253968254 0.111111111111111 1.01587301587302
47.198 0.253968253968254 0.111111111111111 1
47.598 0.253968253968254 0.111111111111111 0.984126984126984
47.998 0.253968253968254 0.0952380952380952 1.03174603174603
48.398 0.238095238095238 0.111111111111111 1.03174603174603
48.664 0.0476190476190476 0 1.41269841269841
48.698 0.301587301587302 0.158730158730159 0.936507936507937
48.731 0.380952380952381 0.206349206349206 1.17460317460317
48.764 0.253968253968254 0.142857142857143 1.26984126984127
48.798 0.206349206349206 0.174603174603175 1.07936507936508
48.831 0.333333333333333 0.0476190476190476 0.682539682539683
48.864 0.476190476190476 0.0952380952380952 0.857142857142857
48.898 0.19047619047619 0.174603174603175 1.33333333333333
48.931 0.396825396825397 -0.0476190476190476 0.73015873015873
48.964 0.301587301587302 0.222222222222222 1.23809523809524
48.998 0.333333333333333 0.0317460317460317 0.857142857142857
49.031 0.365079365079365 0.158730158730159 1.15873015873016
49.064 0.285714285714286 0.222222222222222 1.3015873015873
49.098 0.365079365079365 0.0158730158730159 0.761904761904762
49.131 0.349206349206349 0.19047619047619 1.14285714285714
49.164 0.301587301587302 0.0634920634920635 0.968253968253968
49.198 0.428571428571429 0.111111111111111 0.920634920634921
49.231 0.238095238095238 0.174603174603175 1.17460317460317
49.264 0.46031746031746 0.0476190476190476 0.777777777777778
49.298 0.222222222222222 0.222222222222222 1.25396825396825
49.331 0.396825396825397 0.0158730158730159 0.777777777777778
49.364 0.253968253968254 0.222222222222222 1.25396825396825
49.398 0.396825396825397 0.0158730158730159 0.73015873015873
49.431 0.253968253968254 0.206349206349206 1.3015873015873
49.464 0.380952380952381 0.0158730158730159 0.714285714285714
49.498 0.317460317460317 0.253968253968254 1.26984126984127
49.531 0.349206349206349 0.0317460317460317 0.857142857142857
49.598 0.317460317460317 0.174603174603175 1.20634920634921
49.631 0.333333333333333 0.0793650793650794 0.841269841269841
49.664 0.349206349206349 0.174603174603175 1.12698412698413
49.698 0.317460317460317 0.111111111111111 0.888888888888889
49.731 0.396825396825397 0.174603174603175 0.984126984126984
49.764 0.317460317460317 0.111111111111111 1.01587301587302
49.798 0.444444444444444 0.111111111111111 0.793650793650794
49.831 0.253968253968254 0.142857142857143 1.22222222222222
49.864 0.507936507936508 0.0476190476190476 0.698412698412698
49.898 0.222222222222222 0.206349206349206 1.28571428571429
49.931 0.412698412698413 -0.0158730158730159 0.793650793650794
49.964 0.26984126984127 0.19047619047619 1.25396825396825
49.998 0.380952380952381 -0.0158730158730159 0.777777777777778
50.031 0.26984126984127 0.19047619047619 1.28571428571429
50.064 0.238095238095238 0.19047619047619 1.38095238095238
50.097 0.46031746031746 0 0.73015873015873
50.131 0.222222222222222 0.222222222222222 1.31746031746032
50.164 0.380952380952381 -0.0317460317460317 0.793650793650794
50.197 0.285714285714286 0.238095238095238 1.25396825396825
50.231 0.349206349206349 0 0.825396825396825
50.264 0.317460317460317 0.206349206349206 1.15873015873016
50.297 0.349206349206349 0.0317460317460317 0.80952380952381
50.331 0.317460317460317 0.158730158730159 1.14285714285714
50.364 0.317460317460317 0.0634920634920635 0.777777777777778
50.397 0.349206349206349 0.222222222222222 1.15873015873016
50.431 0.333333333333333 0.0952380952380952 0.920634920634921
50.464 0.412698412698413 0.174603174603175 1
50.497 0.26984126984127 0.111111111111111 1.15873015873016
50.531 0.476190476190476 0.0793650793650794 0.888888888888889
50.564 0.380952380952381 0.142857142857143 1.06349206349206
50.597 0.317460317460317 0.126984126984127 0.80952380952381
50.631 0.396825396825397 0.142857142857143 0.984126984126984
50.664 0.301587301587302 0.111111111111111 0.952380952380952
50.697 0.444444444444444 0.158730158730159 0.857142857142857
50.731 0.26984126984127 0.111111111111111 1.22222222222222
50.764 0.492063492063492 0.0793650793650794 0.73015873015873
50.797 0.222222222222222 0.19047619047619 1.26984126984127
50.831 0.476190476190476 0.0317460317460317 0.746031746031746
50.864 0.238095238095238 0.19047619047619 1.28571428571429
50.897 0.396825396825397 0 0.80952380952381
50.931 0.26984126984127 0.206349206349206 1.20634920634921
50.964 0.396825396825397 0.0158730158730159 0.73015873015873
50.997 0.26984126984127 0.174603174603175 1.3015873015873
51.031 0.380952380952381 0.19047619047619 1.38095238095238
51.064 0.428571428571429 -0.0476190476190476 0.761904761904762
51.097 0.285714285714286 0.238095238095238 1.28571428571429
51.131 0.365079365079365 0 0.841269841269841
51.164 0.317460317460317 0.222222222222222 1.15873015873016
51.197 0.349206349206349 0.0317460317460317 0.80952380952381
51.231 0.301587301587302 0.174603174603175 1.17460317460317
51.264 0.333333333333333 0.0793650793650794 0.714285714285714
51.297 0.333333333333333 0.206349206349206 1.19047619047619
51.331 0.333333333333333 0.0476190476190476 0.857142857142857
51.364 0.365079365079365 0.174603174603175 1.04761904761905
51.397 0.317460317460317 0.0793650793650794 1.06349206349206
51.431 0.444444444444444 0.158730158730159 0.904761904761905
51.464 0.253968253968254 0.158730158730159 1.17460317460317
51.497 0.46031746031746 0.0634920634920635 0.777777777777778
51.531 0.365079365079365 0.158730158730159 1.03174603174603
51.564 0.317460317460317 0.0952380952380952 0.888888888888889
51.597 0.412698412698413 0.174603174603175 0.968253968253968
51.631 0.317460317460317 0.126984126984127 1.04761904761905
51.664 0.476190476190476 0.126984126984127 0.793650793650794
51.697 0.238095238095238 0.126984126984127 1.22222222222222
51.731 0.507936507936508 0.0317460317460317 0.698412698412698
51.764 0.222222222222222 0.19047619047619 1.28571428571429
51.797 0.428571428571429 0.0158730158730159 0.825396825396825
51.831 0.253968253968254 0.174603174603175 1.22222222222222
51.864 0.396825396825397 0 0.777777777777778
51.897 0.253968253968254 0.174603174603175 1.25396825396825
51.931 0.412698412698413 0.0634920634920635 0.682539682539683
51.964 0.26984126984127 0.222222222222222 1.34920634920635
51.997 0.412698412698413 -0.0158730158730159 0.73015873015873
52.064 0.253968253968254 0.206349206349206 1.25396825396825
52.097 0.365079365079365 0 0.80952380952381
52.131 0.26984126984127 0.19047619047619 1.22222222222222
52.164 0.365079365079365 0.0158730158730159 0.761904761904762
52.197 0.26984126984127 0.19047619047619 1.26984126984127
52.231 0.365079365079365 0.0476190476190476 0.714285714285714
52.264 0.317460317460317 0.222222222222222 1.34920634920635
52.297 0.365079365079365 0.0158730158730159 0.841269841269841
52.331 0.365079365079365 0.19047619047619 1.17460317460317
52.364 0.333333333333333 0.0158730158730159 1.03174603174603
52.397 0.380952380952381 0.158730158730159 1.03174603174603
52.431 0.285714285714286 0.111111111111111 1.03174603174603
52.464 0.444444444444444 0.0952380952380952 0.920634920634921
52.497 0.285714285714286 0.158730158730159 0.984126984126984
52.531 0.365079365079365 0.0476190476190476 0.841269841269841
52.564 0.365079365079365 0.19047619047619 1.11111111111111
52.597 0.317460317460317 0.0793650793650794 1.03174603174603
52.631 0.428571428571429 0.158730158730159 0.936507936507937
52.664 0.253968253968254 0.142857142857143 1.12698412698413
52.697 0.428571428571429 0.0952380952380952 0.793650793650794
52.731 0.238095238095238 0.174603174603175 1.17460317460317
52.764 0.444444444444444 0.0634920634920635 0.825396825396825
52.797 0.253968253968254 0.206349206349206 1.06349206349206
52.831 0.444444444444444 0.0634920634920635 0.746031746031746
52.864 0.238095238095238 0.174603174603175 1.15873015873016
52.897 0.428571428571429 0.0476190476190476 0.698412698412698
52.931 0.238095238095238 0.206349206349206 1.3968253968254
52.964 0.444444444444444 0 0.698412698412698
52.997 0.26984126984127 0.222222222222222 1.33333333333333
53.031 0.253968253968254 0.19047619047619 1.17460317460317
53.064 0.396825396825397 0 0.746031746031746
53.097 0.253968253968254 0.174603174603175 1.22222222222222
53.131 0.396825396825397 0.0476190476190476 0.682539682539683
53.164 0.253968253968254 0.206349206349206 1.31746031746032
53.197 0.412698412698413 0 0.698412698412698
53.231 0.285714285714286 0.222222222222222 1.36507936507937
53.264 0.396825396825397 -0.0158730158730159 0.857142857142857
53.297 0.365079365079365 0.222222222222222 1.25396825396825
53.331 0.349206349206349 0.0158730158730159 0.968253968253968
53.364 0.365079365079365 0.174603174603175 1.03174603174603
53.397 0.285714285714286 0.0952380952380952 0.936507936507937
53.431 0.396825396825397 0.126984126984127 1
53.464 0.317460317460317 0.126984126984127 0.80952380952381
53.497 0.365079365079365 0.0317460317460317 0.841269841269841
53.531 0.349206349206349 0.206349206349206 1.20634920634921
53.564 0.333333333333333 0.0158730158730159 1
53.597 0.380952380952381 0.158730158730159 1.03174603174603
53.631 0.285714285714286 0.142857142857143 1.03174603174603
53.664 0.444444444444444 0.111111111111111 0.904761904761905
53.697 0.285714285714286 0.158730158730159 1
53.731 0.444444444444444 0.126984126984127 0.857142857142857
53.764 0.301587301587302 0.158730158730159 0.984126984126984
53.797 0.46031746031746 0.142857142857143 0.793650793650794
53.831 0.26984126984127 0.158730158730159 1.17460317460317
53.864 0.492063492063492 0.0793650793650794 0.698412698412698
53.897 0.238095238095238 0.158730158730159 1.33333333333333
53.931 0.46031746031746 0 0.714285714285714
53.964 0.26984126984127 -0.0158730158730159 1.23809523809524
53.997 0.333333333333333 0.126984126984127 0.968253968253968
54.397 0.333333333333333 0.126984126984127 0.984126984126984
54.797 0.349206349206349 0.111111111111111 0.968253968253968
55.197 0.349206349206349 0.111111111111111 0.984126984126984
55.597 0.349206349206349 0.111111111111111 0.984126984126984
55.997 0.349206349206349 0.111111111111111 1.01587301587302
56.397 0.349206349206349 0.111111111111111 1
56.797 0.349206349206349 0.0952380952380952 1
57.131 0.238095238095238 0 0.80952380952381
57.164 -0.0793650793650794 -0.0634920634920635 1.68253968253968
57.197 0.571428571428571 0.380952380952381 0.968253968253968
57.231 0.174603174603175 -0.206349206349206 1.15873015873016
57.264 0.857142857142857 0.126984126984127 0.682539682539683
57.297 0.126984126984127 -0.0476190476190476 1.58730158730159
57.331 0.841269841269841 0.126984126984127 0.53968253968254
57.364 0.0634920634920635 -0.0634920634920635 1.77777777777778
57.397 0.888888888888889 0.126984126984127 0.301587301587302
57.431 0.0793650793650794 -0.0476190476190476 1.6984126984127
57.464 0.777777777777778 0.174603174603175 0.238095238095238
57.497 0.761904761904762 -0.0952380952380952 0.285714285714286
57.531 0.0793650793650794 0.111111111111111 1.65079365079365
57.564 0.841269841269841 -0.0158730158730159 0.476190476190476
57.597 0.111111111111111 -0.0317460317460317 1.76190476190476
57.631 0.857142857142857 0.111111111111111 0.444444444444444
57.664 0.111111111111111 -0.111111111111111 1.6984126984127
57.697 0.80952380952381 0.206349206349206 0.396825396825397
57.731 0.158730158730159 -0.19047619047619 1.19047619047619
57.764 0.634920634920635 0.365079365079365 0.904761904761905
57.797 0.301587301587302 -0.285714285714286 0.603174603174603
57.831 0.476190476190476 0.428571428571429 1.28571428571429
57.864 0.46031746031746 -0.238095238095238 0.444444444444444
57.897 0.285714285714286 0.317460317460317 1.57142857142857
57.931 0.73015873015873 -0.222222222222222 0.476190476190476
57.964 0.126984126984127 -0.349206349206349 0.412698412698413
57.997 0.158730158730159 0.365079365079365 1.95238095238095
58.031 0.666666666666667 -0.222222222222222 0.0634920634920635
58.064 0.0158730158730159 0.26984126984127 1.84126984126984
58.097 0.73015873015873 -0.0317460317460317 0.19047619047619
58.131 0.0793650793650794 0.126984126984127 1.58730158730159
58.164 0.80952380952381 0.0952380952380952 0.53968253968254
58.197 0.142857142857143 -0.0793650793650794 1.31746031746032
58.231 0.761904761904762 0.253968253968254 0.761904761904762
58.264 0.301587301587302 -0.301587301587302 1.20634920634921
58.297 0.571428571428571 0.380952380952381 1.17460317460317
58.331 0.428571428571429 -0.365079365079365 0.80952380952381
58.364 0.301587301587302 0.396825396825397 1.6984126984127
58.397 0.587301587301587 -0.285714285714286 0.19047619047619
58.43 0.0634920634920635 0.349206349206349 1.9047619047619
58.464 0.285714285714286 0.349206349206349 1.63492063492063
58.497 0.761904761904762 -0.253968253968254 0.46031746031746
58.53 0.111111111111111 0.222222222222222 1.87301587301587
58.564 0.888888888888889 -0.0317460317460317 0.126984126984127
58.597 0.111111111111111 -0.0634920634920635 1.77777777777778
58.63 0.793650793650794 0.206349206349206 0.412698412698413
58.664 0.19047619047619 -0.222222222222222 1.0952380952381
58.697 0.571428571428571 0.428571428571429 1.12698412698413
58.73 0.365079365079365 -0.333333333333333 0.444444444444444
58.764 0.317460317460317 0.444444444444444 1.55555555555556
58.797 0.619047619047619 -0.253968253968254 0.317460317460317
58.83 0.142857142857143 0.253968253968254 1.6984126984127
58.864 0.841269841269841 -0.0793650793650794 0.412698412698413
58.897 0.126984126984127 -0.0158730158730159 1.65079365079365
58.93 0.793650793650794 0.206349206349206 0.555555555555556
58.964 0.825396825396825 0.126984126984127 0.142857142857143
58.997 0.0793650793650794 -0.0634920634920635 1.31746031746032
59.03 0.650793650793651 0.380952380952381 0.793650793650794
59.064 0.317460317460317 -0.26984126984127 0.650793650793651
59.097 0.476190476190476 0.380952380952381 1.38095238095238
59.13 0.619047619047619 -0.253968253968254 0.507936507936508
59.164 0.222222222222222 0.285714285714286 1.76190476190476
59.197 0.857142857142857 -0.222222222222222 0.222222222222222
59.23 0.111111111111111 0.111111111111111 1.92063492063492
59.264 0.857142857142857 0.0952380952380952 0.222222222222222
59.297 0.126984126984127 -0.158730158730159 1.42857142857143
59.33 0.698412698412698 0.333333333333333 0.857142857142857
59.364 0.301587301587302 -0.301587301587302 0.634920634920635
59.397 0.365079365079365 0.476190476190476 1.42857142857143
59.43 0.571428571428571 -0.253968253968254 0.19047619047619
59.464 0.698412698412698 -0.349206349206349 0.492063492063492
59.497 0.142857142857143 0.238095238095238 1.84126984126984
59.53 0.857142857142857 -0.0476190476190476 0.0634920634920635
59.564 0.111111111111111 -0.0158730158730159 1.77777777777778
59.597 0.746031746031746 0.301587301587302 0.650793650793651
59.63 0.301587301587302 -0.285714285714286 0.666666666666667
59.664 0.365079365079365 0.46031746031746 1.46031746031746
59.697 0.555555555555556 -0.26984126984127 0.158730158730159
59.73 0.126984126984127 0.206349206349206 1.68253968253968
59.764 0.793650793650794 0.0317460317460317 0.412698412698413
59.797 0.206349206349206 -0.142857142857143 1.42857142857143
59.83 0.634920634920635 0.333333333333333 1.07936507936508
59.864 0.571428571428571 -0.349206349206349 0.650793650793651
59.897 0.158730158730159 0.317460317460317 1.87301587301587
59.93 0.80952380952381 -0.142857142857143 0.0158730158730159
59.964 0.650793650793651 -0.19047619047619 0.0793650793650794
59.997 0.0952380952380952 0.142857142857143 1.58730158730159
60.03 0.793650793650794 0.206349206349206 0.555555555555556
60.06 0.333333333333333 -0.222222222222222 1.03174603174603
60.1 0.444444444444444 0.365079365079365 1.38095238095238
60.13 0.746031746031746 -0.26984126984127 0.396825396825397
60.16 0.111111111111111 0.158730158730159 1.88888888888889
60.2 0.888888888888889 0.0317460317460317 0.0793650793650794
60.23 0.111111111111111 -0.126984126984127 1.52380952380952
60.26 0.698412698412698 0.380952380952381 0.857142857142857
60.3 0.365079365079365 -0.333333333333333 0.476190476190476
60.33 0.19047619047619 0.396825396825397 1.79365079365079
60.36 0.714285714285714 -0.142857142857143 0.0793650793650794
60.4 0.111111111111111 0 1.44444444444444
60.43 0.111111111111111 -0.0317460317460317 1.74603174603175
60.46 0.793650793650794 0.222222222222222 0.507936507936508
60.5 0.301587301587302 -0.333333333333333 1.03174603174603
60.53 0.301587301587302 0.412698412698413 1.79365079365079
60.56 0.634920634920635 -0.206349206349206 -0.0158730158730159
60.6 0.0317460317460317 0.19047619047619 1.85714285714286
60.63 0.761904761904762 0.222222222222222 0.492063492063492
60.66 0.285714285714286 -0.253968253968254 0.857142857142857
60.7 0.46031746031746 0.380952380952381 1.3968253968254
60.73 0.698412698412698 -0.238095238095238 0.333333333333333
60.76 0.142857142857143 0.0952380952380952 1.82539682539683
60.8 0.841269841269841 0.142857142857143 0.444444444444444
60.83 0.26984126984127 -0.238095238095238 1.36507936507937
60.86 0.476190476190476 0.396825396825397 1.34920634920635
60.9 0.53968253968254 -0.285714285714286 0.26984126984127
60.96 0.142857142857143 0.19047619047619 1.68253968253968
61 0.825396825396825 0.0158730158730159 0.444444444444444
61.03 0.222222222222222 -0.206349206349206 1.3015873015873
61.06 0.555555555555556 0.380952380952381 1.3015873015873
61.1 0.619047619047619 -0.317460317460317 0.46031746031746
61.13 0.0952380952380952 0.285714285714286 2.01587301587302
61.16 0.841269841269841 0.0634920634920635 0.0634920634920635
61.2 0.126984126984127 -0.206349206349206 1.28571428571429
61.23 0.555555555555556 0.444444444444444 1.14285714285714
61.26 0.492063492063492 -0.333333333333333 0.238095238095238
61.3 0.0793650793650794 0.253968253968254 1.74603174603175
61.33 0.80952380952381 0.126984126984127 0.396825396825397
61.36 0.26984126984127 -0.253968253968254 1.06349206349206
61.4 0.523809523809524 0.380952380952381 1.38095238095238
61.43 0.412698412698413 0.444444444444444 1.50793650793651
61.46 0.603174603174603 -0.26984126984127 0.0952380952380952
61.5 0.0158730158730159 0.238095238095238 1.98412698412698
61.53 0.793650793650794 0.174603174603175 0.238095238095238
61.56 0.206349206349206 -0.253968253968254 0.841269841269841
61.6 0.412698412698413 0.412698412698413 1.50793650793651
61.63 0.714285714285714 -0.238095238095238 0.222222222222222
61.66 0.158730158730159 0.0634920634920635 1.6984126984127
61.7 0.825396825396825 0.19047619047619 0.634920634920635
61.73 0.365079365079365 -0.333333333333333 1.03174603174603
61.76 0.26984126984127 0.396825396825397 1.68253968253968
61.8 0.793650793650794 -0.158730158730159 0
61.83 0.0793650793650794 0.0793650793650794 1.87301587301587
61.86 0.746031746031746 0.317460317460317 0.603174603174603
61.9 0.698412698412698 0.349206349206349 0.952380952380952
61.93 0.53968253968254 -0.301587301587302 0.555555555555556
61.96 0.253968253968254 0.26984126984127 1.77777777777778
62 0.888888888888889 -0.0634920634920635 0.222222222222222
62.03 0.206349206349206 -0.158730158730159 1.53968253968254
62.06 0.555555555555556 0.380952380952381 1.06349206349206
62.1 0.507936507936508 -0.349206349206349 0.396825396825397
62.13 0.0952380952380952 0.349206349206349 2.01587301587302
62.16 0.80952380952381 0.0793650793650794 0.0793650793650794
62.2 0.142857142857143 -0.174603174603175 1.03174603174603
62.23 0.492063492063492 0.476190476190476 1.41269841269841
62.26 0.619047619047619 -0.253968253968254 0.19047619047619
62.3 0.158730158730159 0.111111111111111 1.68253968253968
62.33 0.80952380952381 0.19047619047619 0.603174603174603
62.36 0.396825396825397 -0.333333333333333 0.952380952380952
62.4 0.301587301587302 -0.317460317460317 0.777777777777778
62.43 0.238095238095238 0.444444444444444 1.88888888888889
62.46 0.698412698412698 -0.111111111111111 -0.0158730158730159
62.5 0.650793650793651 -0.0317460317460317 0.587301587301587
62.53 0.46031746031746 0.158730158730159 1.07936507936508
62.56 0.476190476190476 -0.0158730158730159 1.11111111111111
62.6 0.492063492063492 0.0793650793650794 1
62.73 0.428571428571429 0.0476190476190476 0.952380952380952
63.13 0.444444444444444 0.0634920634920635 0.968253968253968
63.53 0.444444444444444 0.0476190476190476 1
63.93 0.444444444444444 0.0476190476190476 1
64.33 0.444444444444444 0.0476190476190476 0.952380952380952
64.73 0.444444444444444 0.0634920634920635 0.968253968253968
65.13 0.428571428571429 0.0317460317460317 0.968253968253968
65.53 0.46031746031746 0.0634920634920635 0.984126984126984
65.86 0.492063492063492 0.0793650793650794 1.04761904761905
65.9 0.492063492063492 0.333333333333333 1.31746031746032
65.93 0.523809523809524 -0.222222222222222 1
65.96 0.507936507936508 -0.111111111111111 0.904761904761905
66 0.46031746031746 0.0476190476190476 0.920634920634921
66.03 0.396825396825397 0.206349206349206 1.03174603174603
66.06 0.349206349206349 0.301587301587302 1.07936507936508
66.1 0.396825396825397 0.222222222222222 1.07936507936508
66.13 0.46031746031746 0.0158730158730159 1.04761904761905
66.16 0.507936507936508 -0.222222222222222 0.888888888888889
66.2 0.53968253968254 -0.253968253968254 0.746031746031746
66.23 0.476190476190476 0.0158730158730159 0.825396825396825
66.26 0.412698412698413 0.238095238095238 1.04761904761905
66.3 0.365079365079365 0.317460317460317 1.19047619047619
66.33 0.492063492063492 0.0317460317460317 0.920634920634921
66.36 0.380952380952381 0.19047619047619 0.984126984126984
66.4 0.365079365079365 0.317460317460317 1.0952380952381
66.43 0.396825396825397 0.19047619047619 1.12698412698413
66.46 0.476190476190476 -0.0793650793650794 1
66.5 0.53968253968254 -0.26984126984127 0.825396825396825
66.53 0.523809523809524 -0.126984126984127 0.777777777777778
66.56 0.428571428571429 0.142857142857143 0.968253968253968
66.6 0.380952380952381 0.301587301587302 1.11111111111111
66.63 0.365079365079365 0.238095238095238 1.17460317460317
66.66 0.444444444444444 0.0317460317460317 0.984126984126984
66.7 0.523809523809524 -0.126984126984127 0.857142857142857
66.76 0.428571428571429 0.0634920634920635 0.904761904761905
66.8 0.380952380952381 0.253968253968254 0.984126984126984
66.83 0.396825396825397 0.301587301587302 0.793650793650794
66.86 0.46031746031746 0.0952380952380952 0.920634920634921
66.9 0.380952380952381 0.253968253968254 1.07936507936508
66.96 0.428571428571429 0.0952380952380952 1.01587301587302
67 0.523809523809524 -0.111111111111111 0.873015873015873
67.06 0.444444444444444 0.0952380952380952 0.904761904761905
67.1 0.365079365079365 0.26984126984127 1.01587301587302
67.13 0.380952380952381 0.26984126984127 1.15873015873016
67.16 0.46031746031746 -0.0476190476190476 1.06349206349206
67.2 0.507936507936508 -0.238095238095238 0.841269841269841
67.23 0.523809523809524 -0.174603174603175 0.841269841269841
67.26 0.46031746031746 0.0476190476190476 0.920634920634921
67.3 0.396825396825397 0.253968253968254 1.06349206349206
67.33 0.365079365079365 0.285714285714286 0.80952380952381
67.36 0.444444444444444 0.0793650793650794 0.873015873015873
67.43 0.396825396825397 0.238095238095238 1.17460317460317
67.46 0.476190476190476 -0.0634920634920635 1.03174603174603
67.5 0.523809523809524 -0.206349206349206 0.841269841269841
67.53 0.492063492063492 -0.0952380952380952 0.857142857142857
67.56 0.428571428571429 0.142857142857143 0.984126984126984
67.6 0.365079365079365 0.285714285714286 1.07936507936508
67.63 0.396825396825397 0.206349206349206 1.0952380952381
67.66 0.476190476190476 -0.0158730158730159 0.984126984126984
67.7 0.523809523809524 -0.206349206349206 0.841269841269841
67.73 0.492063492063492 -0.0317460317460317 0.825396825396825
67.76 0.396825396825397 0.174603174603175 0.920634920634921
67.8 0.380952380952381 0.317460317460317 0.841269841269841
67.83 0.412698412698413 0.111111111111111 0.936507936507937
67.86 0.412698412698413 0.206349206349206 1
67.9 0.349206349206349 0.285714285714286 1.0952380952381
67.93 0.412698412698413 0.158730158730159 1.06349206349206
67.96 0.507936507936508 -0.0952380952380952 0.936507936507937
68 0.523809523809524 -0.222222222222222 0.793650793650794
68.03 0.476190476190476 0.0317460317460317 0.841269841269841
68.06 0.380952380952381 0.253968253968254 0.984126984126984
68.1 0.349206349206349 0.301587301587302 1.14285714285714
68.13 0.444444444444444 0 1.06349206349206
68.16 0.507936507936508 -0.174603174603175 0.920634920634921
68.2 0.523809523809524 -0.126984126984127 0.841269841269841
68.23 0.428571428571429 0.111111111111111 0.968253968253968
68.26 0.380952380952381 0.26984126984127 1.06349206349206
68.33 0.476190476190476 -0.0317460317460317 0.984126984126984
68.36 0.365079365079365 0.301587301587302 1.17460317460317
68.4 0.428571428571429 0 1.06349206349206
68.43 0.507936507936508 -0.174603174603175 0.873015873015873
68.46 0.523809523809524 -0.111111111111111 0.825396825396825
68.5 0.428571428571429 0.126984126984127 0.968253968253968
68.53 0.349206349206349 0.26984126984127 1.07936507936508
68.6 0.46031746031746 -0.0158730158730159 0.984126984126984
68.63 0.53968253968254 -0.19047619047619 0.825396825396825
68.66 0.476190476190476 -0.0158730158730159 0.857142857142857
68.7 0.380952380952381 0.222222222222222 0.968253968253968
68.73 0.380952380952381 0.301587301587302 1.14285714285714
68.76 0.444444444444444 0 1.07936507936508
68.8 0.507936507936508 -0.206349206349206 0.888888888888889
68.83 0.380952380952381 0.222222222222222 1.0952380952381
68.86 0.476190476190476 0.0158730158730159 1
68.9 0.523809523809524 -0.174603174603175 0.825396825396825
68.93 0.492063492063492 -0.0476190476190476 0.857142857142857
68.96 0.396825396825397 0.19047619047619 0.952380952380952
69 0.365079365079365 0.285714285714286 1.11111111111111
69.03 0.444444444444444 0.111111111111111 1.11111111111111
69.06 0.507936507936508 -0.158730158730159 0.952380952380952
69.1 0.523809523809524 -0.174603174603175 0.841269841269841
69.13 0.476190476190476 0.0158730158730159 0.904761904761905
69.16 0.396825396825397 0.238095238095238 1.04761904761905
69.23 0.444444444444444 0.0952380952380952 1.01587301587302
69.26 0.523809523809524 -0.142857142857143 0.904761904761905
69.3 0.507936507936508 -0.111111111111111 0.793650793650794
69.36 0.507936507936508 -0.174603174603175 0.857142857142857
69.4 0.476190476190476 0.0158730158730159 0.888888888888889
69.43 0.396825396825397 0.253968253968254 1.04761904761905
69.53 0.523809523809524 -0.126984126984127 0.841269841269841
69.6 0.412698412698413 0.174603174603175 0.904761904761905
69.63 0.365079365079365 0.301587301587302 1.07936507936508
69.66 0.428571428571429 0.0952380952380952 1.0952380952381
69.7 0.507936507936508 -0.19047619047619 0.952380952380952
69.73 0.53968253968254 -0.206349206349206 0.80952380952381
69.76 0.476190476190476 0.0634920634920635 0.920634920634921
69.8 0.396825396825397 0.253968253968254 1.04761904761905
69.83 0.492063492063492 -0.0317460317460317 0.841269841269841
69.86 0.396825396825397 0.174603174603175 0.904761904761905
69.9 0.365079365079365 0.301587301587302 1.07936507936508
69.93 0.428571428571429 0.0476190476190476 1.0952380952381
69.96 0.523809523809524 -0.19047619047619 0.920634920634921
70 0.523809523809524 -0.174603174603175 0.825396825396825
70.03 0.444444444444444 0.111111111111111 0.952380952380952
70.06 0.380952380952381 0.301587301587302 1.0952380952381
70.13 0.476190476190476 -0.0158730158730159 1
70.16 0.53968253968254 -0.158730158730159 0.80952380952381
70.2 0.46031746031746 0.0158730158730159 0.873015873015873
70.23 0.380952380952381 0.206349206349206 0.952380952380952
70.26 0.365079365079365 0.301587301587302 1.11111111111111
70.3 0.476190476190476 0.174603174603175 0.968253968253968
70.33 0.333333333333333 0.317460317460317 1.12698412698413
70.36 0.396825396825397 0.158730158730159 1.06349206349206
70.4 0.492063492063492 -0.0793650793650794 0.936507936507937
70.43 0.523809523809524 -0.158730158730159 0.841269841269841
70.46 0.428571428571429 0.0793650793650794 0.920634920634921
70.5 0.380952380952381 0.238095238095238 1
70.53 0.396825396825397 0.222222222222222 1.12698412698413
70.56 0.492063492063492 -0.111111111111111 0.984126984126984
70.6 0.555555555555556 -0.253968253968254 0.793650793650794
70.63 0.476190476190476 -0.0158730158730159 0.873015873015873
70.66 0.396825396825397 0.238095238095238 1.03174603174603
70.7 0.365079365079365 0.285714285714286 1.15873015873016
70.73 0.412698412698413 0.0793650793650794 1.04761904761905
70.76 0.492063492063492 -0.142857142857143 0.888888888888889
70.8 0.396825396825397 0.174603174603175 1.07936507936508
70.83 0.492063492063492 -0.142857142857143 0.952380952380952
70.86 0.53968253968254 -0.238095238095238 0.80952380952381
70.9 0.476190476190476 0.0317460317460317 0.888888888888889
70.93 0.412698412698413 0.253968253968254 1.06349206349206
70.96 0.380952380952381 0.253968253968254 1.15873015873016
71 0.444444444444444 0.0317460317460317 1.01587301587302
71.06 0.492063492063492 -0.0476190476190476 0.873015873015873
71.1 0.396825396825397 0.19047619047619 0.968253968253968
71.13 0.365079365079365 0.285714285714286 1.0952380952381
71.16 0.444444444444444 0.0952380952380952 1.07936507936508
71.2 0.507936507936508 -0.206349206349206 0.888888888888889
71.23 0.523809523809524 -0.174603174603175 0.777777777777778
71.26 0.444444444444444 0.111111111111111 0.904761904761905
71.76 0.444444444444444 0.0634920634920635 0.968253968253968
72.16 0.444444444444444 0.0476190476190476 0.968253968253968
72.56 0.46031746031746 0.0476190476190476 0.952380952380952
72.96 0.444444444444444 0.0317460317460317 0.984126984126984
73.36 0.444444444444444 0.0476190476190476 0.968253968253968
73.76 0.444444444444444 0.0476190476190476 0.968253968253968
74.16 0.444444444444444 0.0476190476190476 0.984126984126984
74.53 0.428571428571429 0.0793650793650794 0.873015873015873
74.6 0.46031746031746 0.0634920634920635 0.984126984126984
74.63 0.476190476190476 0 1.06349206349206
74.66 0.46031746031746 0.0634920634920635 0.968253968253968
74.7 0.428571428571429 0.111111111111111 0.873015873015873
74.73 0.444444444444444 0.0476190476190476 0.936507936507937
74.76 0.46031746031746 0.0158730158730159 1.06349206349206
74.8 0.444444444444444 0.0634920634920635 0.968253968253968
74.83 0.476190476190476 0.0317460317460317 1.06349206349206
74.9 0.428571428571429 0.0952380952380952 0.904761904761905
74.93 0.444444444444444 0.0634920634920635 0.968253968253968
74.96 0.46031746031746 0.0317460317460317 1.04761904761905
75.03 0.412698412698413 0.0793650793650794 0.904761904761905
75.1 0.46031746031746 0.0317460317460317 1.04761904761905
75.16 0.428571428571429 0.0634920634920635 0.920634920634921
75.23 0.46031746031746 0.0634920634920635 0.984126984126984
75.26 0.444444444444444 0.111111111111111 0.888888888888889
75.3 0.444444444444444 0.0476190476190476 1.03174603174603
75.36 0.412698412698413 0.0476190476190476 0.952380952380952
75.4 0.412698412698413 0.0634920634920635 0.841269841269841
75.43 0.46031746031746 0.0634920634920635 1.01587301587302
75.46 0.492063492063492 -0.0158730158730159 1.07936507936508
75.5 0.444444444444444 0.0476190476190476 0.968253968253968
75.53 0.428571428571429 0.111111111111111 0.888888888888889
75.56 0.46031746031746 0.0634920634920635 1
75.66 0.428571428571429 0.0793650793650794 0.888888888888889
75.7 0.444444444444444 0.0634920634920635 0.952380952380952
75.73 0.46031746031746 0.0158730158730159 1.06349206349206
75.83 0.444444444444444 0.0476190476190476 0.984126984126984
75.86 0.412698412698413 0.0952380952380952 0.888888888888889
75.93 0.46031746031746 0 1.04761904761905
76 0.412698412698413 0.0793650793650794 0.857142857142857
76.03 0.46031746031746 0.111111111111111 0.936507936507937
76.06 0.46031746031746 0.0317460317460317 1.07936507936508
76.1 0.46031746031746 0.0317460317460317 1.01587301587302
76.13 0.444444444444444 0.0952380952380952 0.857142857142857
76.16 0.444444444444444 0.0952380952380952 0.968253968253968
76.2 0.476190476190476 0.0158730158730159 1.01587301587302
76.26 0.428571428571429 0.0793650793650794 1.07936507936508
76.3 0.428571428571429 0 1.03174603174603
76.33 0.444444444444444 0.0952380952380952 0.857142857142857
76.4 0.46031746031746 0.0317460317460317 1.06349206349206
76.46 0.428571428571429 0.111111111111111 0.936507936507937
76.53 0.46031746031746 0.0317460317460317 1.01587301587302
76.6 0.428571428571429 0.0793650793650794 0.888888888888889
76.66 0.476190476190476 0.0476190476190476 1.01587301587302
76.76 0.412698412698413 0 1.06349206349206
76.8 0.444444444444444 0.0634920634920635 0.968253968253968
76.83 0.444444444444444 0.0793650793650794 0.904761904761905
76.86 0.444444444444444 0.0634920634920635 0.984126984126984
76.9 0.444444444444444 0 1.07936507936508
76.93 0.412698412698413 0.0476190476190476 0.936507936507937
77.03 0.476190476190476 0.0158730158730159 1.07936507936508
77.06 0.476190476190476 0.0476190476190476 0.952380952380952
77.1 0.444444444444444 0.111111111111111 0.904761904761905
77.13 0.444444444444444 0.0634920634920635 0.968253968253968
77.16 0.46031746031746 0 1.06349206349206
77.2 0.428571428571429 0.0317460317460317 0.984126984126984
77.23 0.428571428571429 0 1.07936507936508
77.26 0.412698412698413 0.0158730158730159 1
77.3 0.412698412698413 0.126984126984127 0.888888888888889
77.33 0.46031746031746 0.0952380952380952 0.968253968253968
77.36 0.46031746031746 0.0317460317460317 1.06349206349206
77.4 0.444444444444444 0.0317460317460317 1
77.43 0.428571428571429 0.111111111111111 0.888888888888889
77.5 0.46031746031746 0.0158730158730159 1.01587301587302
77.56 0.428571428571429 0.0793650793650794 0.888888888888889
77.63 0.476190476190476 0.0317460317460317 1.06349206349206
77.7 0.444444444444444 0.0952380952380952 0.888888888888889
77.73 0.46031746031746 0.0317460317460317 1.01587301587302
77.76 0.428571428571429 0.0793650793650794 0.904761904761905
77.83 0.46031746031746 0.0317460317460317 1.01587301587302
77.9 0.444444444444444 0.0634920634920635 0.873015873015873
77.96 0.46031746031746 0.0634920634920635 1.03174603174603
78 0.476190476190476 -0.0158730158730159 1.04761904761905
78.03 0.444444444444444 0.0634920634920635 0.936507936507937
78.13 0.46031746031746 0 1.03174603174603
78.16 0.428571428571429 0.0476190476190476 0.968253968253968
78.2 0.476190476190476 0.0158730158730159 1.0952380952381
78.23 0.444444444444444 0.0476190476190476 0.952380952380952
78.26 0.444444444444444 0.0952380952380952 0.888888888888889
78.3 0.46031746031746 0.0634920634920635 0.984126984126984
78.33 0.46031746031746 0 1.06349206349206
78.36 0.444444444444444 0.0476190476190476 1
78.4 0.444444444444444 0.0793650793650794 0.920634920634921
78.46 0.46031746031746 0.0158730158730159 1.04761904761905
78.5 0.444444444444444 0 0.984126984126984
78.53 0.412698412698413 0.111111111111111 0.873015873015873
78.56 0.444444444444444 0.0793650793650794 0.968253968253968
78.6 0.492063492063492 0 1.0952380952381
78.63 0.46031746031746 0.0158730158730159 1.01587301587302
78.66 0.444444444444444 0.111111111111111 0.904761904761905
78.7 0.46031746031746 0.0793650793650794 0.968253968253968
78.73 0.428571428571429 0.0793650793650794 0.857142857142857
78.76 0.46031746031746 0.0793650793650794 0.936507936507937
78.86 0.428571428571429 0.0952380952380952 0.888888888888889
78.9 0.444444444444444 0.0793650793650794 0.952380952380952
78.93 0.476190476190476 0.0476190476190476 1.01587301587302
79 0.444444444444444 0.0793650793650794 0.904761904761905
79.06 0.46031746031746 0.0634920634920635 0.984126984126984
79.1 0.428571428571429 0 1.03174603174603
79.13 0.412698412698413 0.0634920634920635 0.936507936507937
79.16 0.428571428571429 0.0793650793650794 0.841269841269841
79.23 0.444444444444444 0.0952380952380952 0.936507936507937
79.26 0.46031746031746 0.0476190476190476 1.03174603174603
79.33 0.444444444444444 0.0634920634920635 0.936507936507937
79.36 0.444444444444444 0.0793650793650794 0.873015873015873
79.4 0.46031746031746 0.0634920634920635 0.968253968253968
79.43 0.46031746031746 0.0317460317460317 1.0952380952381
79.46 0.412698412698413 0.0476190476190476 0.968253968253968
79.5 0.428571428571429 0.0952380952380952 0.841269841269841
79.53 0.46031746031746 0.0793650793650794 0.984126984126984
79.56 0.476190476190476 0.0317460317460317 1.0952380952381
79.6 0.476190476190476 0.0317460317460317 0.968253968253968
79.63 0.428571428571429 0.126984126984127 0.904761904761905
79.7 0.46031746031746 0 1.03174603174603
79.73 0.444444444444444 0.0634920634920635 0.968253968253968
79.76 0.46031746031746 0.0317460317460317 1.07936507936508
79.8 0.46031746031746 0 1
79.83 0.444444444444444 0.0476190476190476 0.920634920634921
79.9 0.428571428571429 0.0476190476190476 0.984126984126984
80.3 0.444444444444444 0.0476190476190476 0.968253968253968
80.7 0.444444444444444 0.0317460317460317 0.968253968253968
81.1 0.444444444444444 0.0634920634920635 0.968253968253968
81.5 0.444444444444444 0.0476190476190476 1
81.56 0.444444444444444 0.0476190476190476 0.936507936507937
81.83 0.444444444444444 0.0476190476190476 1.01587301587302
81.93 0.444444444444444 0.0476190476190476 0.952380952380952
82.33 0.46031746031746 0.0476190476190476 0.984126984126984
82.73 0.444444444444444 0.0476190476190476 1
82.76 0.444444444444444 0.0476190476190476 0.936507936507937
82.9 0.444444444444444 0.0476190476190476 1.01587301587302
82.93 0.444444444444444 0.0476190476190476 0.888888888888889
82.96 0.444444444444444 0.0634920634920635 0.984126984126984
83.33 0.444444444444444 0.0317460317460317 0.920634920634921
83.43 0.428571428571429 0.0476190476190476 0.984126984126984
83.83 0.444444444444444 0.0793650793650794 0.936507936507937
83.9 0.444444444444444 0.0317460317460317 1
83.96 0.46031746031746 0.0634920634920635 0.936507936507937
84.23 0.444444444444444 0.0317460317460317 1
84.3 0.46031746031746 0.0476190476190476 0.936507936507937
84.36 0.46031746031746 0.0634920634920635 1
84.6 0.444444444444444 0.0952380952380952 0.920634920634921
84.63 0.428571428571429 0.0634920634920635 1
84.73 0.444444444444444 0.0476190476190476 0.904761904761905
84.8 0.46031746031746 0.0476190476190476 1.01587301587302
84.86 0.428571428571429 0.0793650793650794 0.936507936507937
84.9 0.428571428571429 0.0634920634920635 1
85 0.444444444444444 0.0634920634920635 0.936507936507937
85.03 0.428571428571429 0.0317460317460317 1
85.1 0.444444444444444 0.0317460317460317 0.936507936507937
85.16 0.476190476190476 0.0793650793650794 1
85.26 0.428571428571429 0.0634920634920635 0.920634920634921
85.33 0.444444444444444 0.0476190476190476 0.984126984126984
85.73 0.444444444444444 0.0317460317460317 1.01587301587302
85.76 0.444444444444444 0.0476190476190476 0.952380952380952
85.83 0.444444444444444 0.0317460317460317 1.03174603174603
85.9 0.444444444444444 0.0476190476190476 0.936507936507937
85.93 0.444444444444444 0.0793650793650794 1
86.36 0.46031746031746 0.0158730158730159 1.01587301587302
86.8 0.444444444444444 0.0317460317460317 0.952380952380952
87.13 0.46031746031746 0.0476190476190476 1.03174603174603
87.2 0.444444444444444 0.0158730158730159 0.968253968253968
87.36 0.444444444444444 0.0952380952380952 0.968253968253968
87.4 0.46031746031746 0.0317460317460317 1.01587301587302
87.46 0.46031746031746 0.0634920634920635 0.936507936507937
87.53 0.444444444444444 0.0476190476190476 1
87.73 0.444444444444444 0.0317460317460317 0.936507936507937
87.83 0.444444444444444 0.0317460317460317 0.952380952380952
88.23 0.444444444444444 0.0476190476190476 0.952380952380952
88.33 0.46031746031746 0.0476190476190476 1.03174603174603
88.36 0.46031746031746 0.0476190476190476 0.968253968253968
88.76 0.46031746031746 0.0476190476190476 0.952380952380952
89.16 0.444444444444444 0.0634920634920635 0.952380952380952
89.56 0.444444444444444 0.0476190476190476 0.968253968253968
89.96 0.444444444444444 0.0476190476190476 0.984126984126984
90.36 0.444444444444444 0.0476190476190476 0.968253968253968
90.76 0.444444444444444 0.0476190476190476 0.968253968253968
91.16 0.444444444444444 0.0476190476190476 0.968253968253968
91.43 0.444444444444444 0.0476190476190476 0.873015873015873
91.53 0.444444444444444 0.0317460317460317 1
91.8 0.412698412698413 0.0476190476190476 0.873015873015873
91.83 0.428571428571429 -0.0158730158730159 0.904761904761905
91.9 0.428571428571429 0.0158730158730159 1.03174603174603
91.96 0.476190476190476 0.0793650793650794 0.968253968253968
92.03 0.428571428571429 0.0476190476190476 0.904761904761905
92.06 0.428571428571429 0.0634920634920635 0.968253968253968
92.1 0.428571428571429 0.0476190476190476 1.03174603174603
92.16 0.46031746031746 0.126984126984127 1.03174603174603
92.2 0.46031746031746 0.0317460317460317 0.968253968253968
0.066 0.444444444444444 0.0634920634920635 0.968253968253968
0.466 0.46031746031746 0.0634920634920635 0.984126984126984
0.866 0.444444444444444 0.0634920634920635 0.968253968253968
1.266 0.46031746031746 0.0317460317460317 0.968253968253968
1.666 0.444444444444444 0.0476190476190476 1
2.066 0.428571428571429 0.0476190476190476 0.936507936507937
2.299 0.476190476190476 0.0793650793650794 1
2.433 0.444444444444444 0.0317460317460317 0.936507936507937
2.533 0.476190476190476 0.0317460317460317 1
2.633 0.444444444444444 0.0634920634920635 0.904761904761905
2.799 0.444444444444444 0.0634920634920635 0.968253968253968
2.899 0.476190476190476 0.0476190476190476 1.03174603174603
3.166 0.476190476190476 0.0793650793650794 0.968253968253968
3.566 0.444444444444444 0.0317460317460317 0.984126984126984
3.966 0.428571428571429 0.0634920634920635 0.952380952380952
3.999 0.476190476190476 0.0634920634920635 1.01587301587302
4.066 0.46031746031746 0.0634920634920635 0.952380952380952
4.799 0.428571428571429 0.0634920634920635 0.968253968253968
4.966 0.46031746031746 0.0476190476190476 1.03174603174603
4.999 0.476190476190476 0.0634920634920635 0.968253968253968
5.366 0.412698412698413 0.0634920634920635 0.952380952380952
5.999 0.428571428571429 0.0634920634920635 0.936507936507937
6.399 0.428571428571429 0.0317460317460317 1
6.499 0.444444444444444 0.0476190476190476 0.936507936507937
6.666 0.46031746031746 0.0476190476190476 1
7.066 0.46031746031746 0.0634920634920635 0.968253968253968
7.466 0.428571428571429 0.0476190476190476 0.952380952380952
7.599 0.46031746031746 0.0634920634920635 1.01587301587302
7.666 0.444444444444444 0.0634920634920635 0.952380952380952
8.066 0.46031746031746 0.0317460317460317 0.968253968253968
8.466 0.46031746031746 0.0476190476190476 0.968253968253968
8.866 0.428571428571429 0.0793650793650794 0.968253968253968
9.266 0.444444444444444 0.0634920634920635 0.936507936507937
9.332 0.46031746031746 0.0634920634920635 1
9.732 0.46031746031746 0.0793650793650794 0.936507936507937
9.999 0.46031746031746 0.0634920634920635 1
10.399 0.46031746031746 0.0317460317460317 0.968253968253968
10.732 0.46031746031746 0.0952380952380952 0.968253968253968
11.132 0.444444444444444 0.0476190476190476 0.952380952380952
11.399 0.46031746031746 0.0158730158730159 1.01587301587302
11.532 0.444444444444444 0.0793650793650794 1
11.632 0.412698412698413 0.0476190476190476 0.920634920634921
11.866 0.492063492063492 0.0952380952380952 1
12.066 0.444444444444444 0.0317460317460317 1
12.366 0.428571428571429 0.0634920634920635 0.936507936507937
12.432 0.46031746031746 0.0634920634920635 1
12.832 0.444444444444444 0.0634920634920635 0.984126984126984
13.232 0.46031746031746 0.0793650793650794 1
13.332 0.444444444444444 0.0158730158730159 0.952380952380952
13.399 0.444444444444444 0.0793650793650794 0.936507936507937
13.532 0.46031746031746 0.0476190476190476 1
13.866 0.444444444444444 0.0476190476190476 0.936507936507937
14.132 0.46031746031746 0.0476190476190476 1
14.366 0.46031746031746 0 0.936507936507937
14.466 0.428571428571429 0.0793650793650794 0.952380952380952
14.732 0.46031746031746 0.0476190476190476 1.01587301587302
14.866 0.428571428571429 0.0476190476190476 0.952380952380952
15.266 0.444444444444444 0.0317460317460317 0.984126984126984
15.666 0.46031746031746 0.0634920634920635 0.936507936507937
15.766 0.444444444444444 0.0952380952380952 1.01587301587302
15.932 0.428571428571429 0.0793650793650794 0.952380952380952
15.999 0.428571428571429 0.0158730158730159 0.936507936507937
16.399 0.444444444444444 0.0634920634920635 0.968253968253968
16.799 0.444444444444444 0.0634920634920635 0.968253968253968
17.199 0.46031746031746 0.0476190476190476 0.968253968253968
17.599 0.46031746031746 0.0634920634920635 0.952380952380952
17.999 0.444444444444444 0.0634920634920635 1
18.399 0.444444444444444 0.0476190476190476 0.984126984126984
18.799 0.444444444444444 0.0634920634920635 0.968253968253968
19.065 0.476190476190476 0.0793650793650794 1.04761904761905
19.132 0.476190476190476 0.0158730158730159 1.01587301587302
19.165 0.46031746031746 0.0476190476190476 0.952380952380952
19.465 0.396825396825397 0.0793650793650794 0.904761904761905
19.599 0.46031746031746 0.0952380952380952 0.968253968253968
19.699 0.46031746031746 0.0158730158730159 1.04761904761905
19.765 0.476190476190476 0.0793650793650794 1
19.832 0.444444444444444 0.0158730158730159 0.984126984126984
19.965 0.492063492063492 0.0952380952380952 1.01587301587302
20.065 0.46031746031746 0.0317460317460317 0.984126984126984
20.132 0.412698412698413 0.0634920634920635 0.920634920634921
20.365 0.444444444444444 0.0634920634920635 1.01587301587302
20.399 0.412698412698413 0.0793650793650794 0.920634920634921
20.565 0.444444444444444 0.0793650793650794 1
20.632 0.46031746031746 0.0158730158730159 1.03174603174603
20.699 0.46031746031746 0.0793650793650794 1.01587301587302
20.832 0.428571428571429 0.0634920634920635 0.920634920634921
20.899 0.476190476190476 0.0793650793650794 1.06349206349206
20.965 0.476190476190476 0.0952380952380952 0.984126984126984
20.999 0.476190476190476 0.0158730158730159 0.984126984126984
21.065 0.412698412698413 0.0793650793650794 0.936507936507937
21.299 0.444444444444444 0.0476190476190476 1
21.399 0.428571428571429 0.0476190476190476 0.936507936507937
21.532 0.444444444444444 0.0634920634920635 1.01587301587302
21.765 0.444444444444444 0.0634920634920635 0.904761904761905
21.899 0.46031746031746 0.0793650793650794 1.01587301587302
21.999 0.444444444444444 0.0634920634920635 0.952380952380952
22.265 0.46031746031746 0.0317460317460317 1.03174603174603
22.399 0.444444444444444 0.0952380952380952 0.968253968253968
22.499 0.46031746031746 0.0317460317460317 1.03174603174603
22.699 0.444444444444444 0.0476190476190476 0.968253968253968
22.732 0.444444444444444 0.0476190476190476 0.888888888888889
22.799 0.428571428571429 0.0317460317460317 0.968253968253968
22.965 0.428571428571429 0.0634920634920635 0.904761904761905
23.165 0.46031746031746 0.0793650793650794 0.984126984126984
23.232 0.46031746031746 0.0158730158730159 1.03174603174603
23.299 0.46031746031746 0.0793650793650794 1.01587301587302
23.365 0.46031746031746 0.0158730158730159 0.984126984126984
23.399 0.444444444444444 0.0793650793650794 0.968253968253968
23.432 0.46031746031746 0.0158730158730159 1.03174603174603
23.532 0.476190476190476 0.0793650793650794 1.03174603174603
23.565 0.46031746031746 0.0476190476190476 0.968253968253968
23.699 0.444444444444444 0.0476190476190476 0.888888888888889
23.865 0.444444444444444 0.0793650793650794 0.984126984126984
23.899 0.444444444444444 0.0793650793650794 0.920634920634921
