1 796.875 6 1671.875
5 750 5 2812.5
4 765.625 5 2781.25
6 796.875 6 2750
6 812.5 6 1671.875
2 953.125 2 1593.75
3 796.875 5 3171.875
4 781.25 4 1593.75
5 734.375 5 2171.875
0 953.125 0 1765.625
4 765.625 5 2187.5
4 781.25 4 2468.75
1 796.875 2 1421.875
5 734.375 5 3484.375
6 812.5 6 2937.5
2 953.125 2 1562.5
5 750 5 1937.5
2 937.5 2 1468.75
6 796.875 6 1515.625
2 953.125 2 2062.5
1 796.875 1 1593.75
4 765.625 4 2265.625
5 750 5 1781.25
3 796.875 3 1703.125
5 734.375 5 2187.5
4 765.625 4 1406.25
2 968.75 2 1578.125
0 953.125 5 1734.375
2 953.125 1 2640.625
1 796.875 2 1625
6 796.875 6 2437.5
2 953.125 2 3000
2 937.5 2 1703.125
5 750 5 1500
0 953.125 0 1921.875
1 796.875 1 2203.125
4 765.625 5 2046.875
4 765.625 5 2296.875
2 953.125 2 2875
4 765.625 4 3281.25
0 953.125 5 4015.625
1 812.5 1 2484.375
1 796.875 1 1484.375
6 796.875 6 1687.5
0 937.5 0 1781.25
5 734.375 5 2093.75
3 796.875 3 2859.375
3 812.5 3 1718.75
6 796.875 4 2234.375
0 953.125 0 1718.75
1 796.875 1 2343.75
1 796.875 1 1843.75
5 734.375 5 2515.625
3 812.5 5 1468.75
6 812.5 6 2140.625
3 812.5 3 2140.625
0 953.125 0 1765.625
6 796.875 6 1953.125
6 796.875 6 1843.75
3 796.875 3 1718.75
1 812.5 1 2187.5
0 953.125 5 1734.375
0 953.125 0 1625
3 796.875 3 1546.875
3 796.875 3 1406.25
