1 812.5 1 5468.75
4 781.25 4 4093.75
2 953.125 2 2578.125
2 937.5 2 1437.5
1 796.875 1 3187.5
4 765.625 4 3812.5
3 796.875 3 4906.25
1 796.875 1 2500
1 796.875 1 1500
5 750 0 2406.25
2 953.125 2 2937.5
6 796.875 3 4687.5
3 796.875 3 2625
1 796.875 1 4562.5
5 734.375 0 2421.875
3 812.5 5 4031.25
1 812.5 
0 953.125 0 3328.125
0 937.5 0 5359.375
6 796.875 6 5328.125
3 796.875 
1 828.125 1 2531.25
6 796.875 4 5171.875
4 765.625 4 3843.75
6 796.875 
2 953.125 2 2281.25
3 796.875 5 2843.75
3 796.875 
0 953.125 
4 765.625 4 3750
1 812.5 1 2859.375
0 953.125 0 1921.875
2 953.125 2 1359.375
2 953.125 2 984.375
6 812.5 6 1937.5
2 937.5 2 1281.25
2 953.125 2 1234.375
3 812.5 5 3593.75
3 796.875 3 4109.375
0 953.125 0 1796.875
0 953.125 0 2640.625
0 968.75 0 1312.5
4 765.625 0 1968.75
6 796.875 0 3812.5
3 796.875 3 3765.625
5 734.375 5 2015.625
5 750 5 4250
0 953.125 5 3406.25
6 812.5 3 2531.25
4 781.25 0 2515.625
6 796.875 4 2796.875
1 812.5 1 2859.375
0 953.125 0 3875
6 796.875 
1 796.875 1 2265.625
0 953.125 0 3281.25
5 734.375 5 1781.25
4 765.625 4 4906.25
2 953.125 2 1375
5 750 5 1812.5
3 812.5 4 5093.75
2 953.125 2 1468.75
4 765.625 4 3453.125
4 765.625 4 3265.625
6 796.875 4 2984.375
4 765.625 4 1875
5 750 5 3109.375
5 750 0 2078.125
5 734.375 0 1187.5
5 750 5 3015.625
