1 796.875 1 1593.75
3 796.875 3 1937.5
4 750 0 3375
2 921.875 2 1328.125
3 796.875 3 2796.875
3 796.875 5 2609.375
5 750 0 3750
2 953.125 2 1734.375
1 796.875 1 1140.625
1 796.875 4 4406.25
5 750 5 3171.875
0 953.125 0 2250
2 953.125 2 1843.75
0 953.125 5 3218.75
6 812.5 6 2406.25
3 812.5 3 3812.5
4 781.25 4 5593.75
4 765.625 5 3593.75
0 937.5 3 4453.125
6 796.875 6 3515.625
0 937.5 0 1703.125
1 796.875 1 1578.125
2 953.125 2 1328.125
3 812.5 3 2515.625
2 937.5 2 1453.125
5 734.375 5 2734.375
0 953.125 0 1921.875
1 812.5 1 1406.25
3 796.875 3 1765.625
3 812.5 3 3375
5 750 5 2484.375
5 734.375 5 2578.125
2 937.5 2 1531.25
5 750 5 2281.25
4 781.25 3 1781.25
3 812.5 3 2890.625
2 937.5 2 1578.125
2 937.5 2 1687.5
0 953.125 0 2218.75
5 750 2 3359.375
2 937.5 2 1656.25
6 796.875 6 1546.875
4 765.625 5 2562.5
1 796.875 1 1375
1 796.875 4 2468.75
4 781.25 5 3140.625
1 796.875 1 3531.25
0 953.125 0 2656.25
5 750 5 2046.875
4 765.625 4 4015.625
2 937.5 2 1343.75
4 765.625 6 2890.625
4 765.625 4 2312.5
0 937.5 0 2750
3 796.875 3 2578.125
6 796.875 6 1953.125
0 953.125 5 2359.375
1 796.875 1 1765.625
0 953.125 0 3078.125
5 734.375 5 4562.5
3 796.875 4 3343.75
5 750 2 2062.5
6 796.875 6 2593.75
4 765.625 4 3937.5
1 796.875 1 1984.375
6 796.875 4 2703.125
6 796.875 4 3203.125
6 812.5 6 1593.75
6 796.875 2 2937.5
6 796.875 6 2968.75
