3 796.875 3 1390.625
0 953.125 0 1421.875
3 812.5 3 1250
1 812.5 1 1312.5
4 765.625 4 2500
5 750 5 2140.625
1 796.875 1 1296.875
0 953.125 0 1875
3 796.875 3 1578.125
6 812.5 6 1500
3 796.875 3 1453.125
4 765.625 4 2046.875
3 796.875 3 1312.5
6 796.875 6 1546.875
1 812.5 1 1218.75
6 796.875 6 1562.5
4 765.625 4 1765.625
0 953.125 0 1421.875
5 734.375 5 1281.25
5 734.375 5 1359.375
0 953.125 5 1671.875
2 953.125 2 1875
4 765.625 4 1531.25
4 781.25 4 1437.5
6 812.5 6 1328.125
4 765.625 4 1515.625
3 812.5 3 1562.5
5 750 5 1546.875
4 781.25 4 1515.625
1 796.875 1 1406.25
3 796.875 3 1234.375
5 750 5 1312.5
5 750 5 1484.375
6 796.875 6 1437.5
5 734.375 5 1328.125
1 812.5 1 1171.875
3 812.5 3 1218.75
5 734.375 5 1218.75
4 765.625 4 1421.875
0 953.125 0 1734.375
6 812.5 6 2250
5 750 5 1312.5
2 937.5 2 1375
6 812.5 6 1437.5
0 937.5 0 2218.75
1 812.5 1 1750
6 796.875 6 1343.75
2 937.5 2 1156.25
2 937.5 2 1187.5
1 796.875 1 1421.875
3 812.5 3 1250
1 796.875 1 1343.75
5 750 5 1453.125
3 812.5 3 1031.25
0 953.125 0 2359.375
0 953.125 0 1703.125
2 953.125 2 1140.625
0 953.125 0 1375
1 796.875 1 1078.125
2 953.125 2 1015.625
1 796.875 1 796.875
6 812.5 6 1375
6 796.875 6 1062.5
0 953.125 0 3015.625
4 765.625 4 1625
4 765.625 4 1468.75
2 953.125 2 1078.125
2 953.125 2 953.125
2 953.125 2 953.125
2 953.125 2 953.125
