6 812.5 3 5468.75
2 1046.875 2 2625
3 843.75 3 1937.5
3 843.75 3 2171.875
3 843.75 3 1750
6 812.5 6 2078.125
4 781.25 0 2984.375
5 859.375 5 2234.375
3 843.75 3 2812.5
4 781.25 
1 812.5 1 3031.25
3 843.75 3 1828.125
6 812.5 6 2906.25
0 1093.75 5 4312.5
3 843.75 3 2921.875
1 812.5 1 2750
0 1093.75 5 2265.625
0 1093.75 0 3734.375
4 781.25 4 3625
4 781.25 4 2640.625
1 812.5 1 4968.75
0 1093.75 5 2234.375
4 781.25 4 3781.25
6 812.5 6 2906.25
1 812.5 1 2046.875
2 1046.875 2 2000
1 812.5 1 2109.375
0 1093.75 0 3093.75
5 859.375 5 1953.125
3 843.75 3 1968.75
3 843.75 3 1734.375
4 781.25 4 2859.375
5 859.375 5 3078.125
6 812.5 6 1703.125
1 812.5 1 1640.625
1 812.5 1 2203.125
3 843.75 3 2078.125
6 812.5 6 1625
3 843.75 3 1781.25
6 812.5 6 1640.625
4 781.25 4 2500
6 812.5 6 1515.625
5 859.375 5 3109.375
1 812.5 1 1531.25
5 859.375 5 3140.625
4 781.25 4 3484.375
5 859.375 5 3312.5
4 781.25 4 2937.5
5 859.375 5 4171.875
4 781.25 0 1984.375
0 1093.75 5 3703.125
6 812.5 6 2046.875
6 812.5 6 1625
5 859.375 5 2234.375
1 812.5 1 1859.375
1 812.5 1 1484.375
0 1093.75 0 1984.375
5 859.375 5 2218.75
5 859.375 5 1796.875
0 1093.75 0 2062.5
0 1093.75 0 2468.75
2 1046.875 2 1625
2 1046.875 2 1687.5
2 1046.875 2 1656.25
2 1046.875 2 1734.375
0 1093.75 0 3921.875
2 1046.875 2 1843.75
2 1046.875 2 1734.375
2 1046.875 2 1703.125
2 1046.875 2 1671.875
