4 781.25 4 2406.25
4 765.625 4 2046.875
5 750 5 2218.75
0 953.125 0 2125
2 953.125 2 1656.25
5 750 5 1984.375
1 812.5 1 1843.75
4 765.625 4 2453.125
2 953.125 2 2046.875
6 812.5 6 4140.625
5 750 5 2156.25
5 750 5 4406.25
4 765.625 4 2265.625
5 750 0 3000
6 812.5 6 2390.625
2 953.125 2 2046.875
1 796.875 1 1750
4 781.25 4 1984.375
3 812.5 3 1671.875
5 734.375 5 2156.25
0 953.125 0 2078.125
6 796.875 6 1906.25
4 765.625 4 2453.125
6 796.875 6 2328.125
6 796.875 6 2250
4 765.625 4 2062.5
3 812.5 3 1687.5
6 796.875 6 1921.875
6 796.875 6 1984.375
2 953.125 2 2046.875
5 750 5 1937.5
5 750 5 2453.125
1 796.875 1 1968.75
3 796.875 3 1765.625
0 953.125 0 2000
0 953.125 0 2265.625
4 781.25 4 2015.625
3 796.875 3 1609.375
0 953.125 0 2421.875
0 953.125 0 2296.875
6 812.5 6 1765.625
3 796.875 3 1578.125
4 781.25 4 1484.375
3 812.5 3 1484.375
2 953.125 2 1437.5
6 796.875 6 1656.25
0 937.5 0 1984.375
3 796.875 3 1281.25
3 796.875 3 1406.25
4 781.25 4 1781.25
2 937.5 2 1281.25
3 796.875 3 1281.25
1 812.5 1 1171.875
6 796.875 6 1546.875
5 750 5 1515.625
5 750 5 1609.375
0 953.125 0 1703.125
1 796.875 1 1312.5
2 953.125 2 1343.75
2 953.125 2 1359.375
0 937.5 0 1671.875
1 796.875 1 1203.125
1 796.875 1 1187.5
3 796.875 3 1359.375
2 953.125 2 1281.25
1 796.875 1 1281.25
0 953.125 0 1578.125
2 953.125 2 1281.25
1 796.875 1 1265.625
1 796.875 1 1328.125
