15 4 28 990
15 4 38 553

9.766 0.111111111111111 0 1.03174603174603
10.166 0.126984126984127 -0.0158730158730159 1.03174603174603
10.566 0.142857142857143 -0.0158730158730159 1.03174603174603
10.966 0.111111111111111 -0.0158730158730159 1.01587301587302
11.366 0.126984126984127 -0.0158730158730159 1.01587301587302
11.766 0.126984126984127 -0.0158730158730159 1.01587301587302
12.166 0.111111111111111 0 1.04761904761905
12.566 0.142857142857143 -0.0158730158730159 1.01587301587302
12.966 0.111111111111111 -0.0158730158730159 1.01587301587302
13.366 0.126984126984127 -0.0317460317460317 1.03174603174603
13.766 0.126984126984127 0 1.03174603174603
14.166 0.126984126984127 -0.0158730158730159 1.04761904761905
14.566 0.126984126984127 -0.0317460317460317 1.03174603174603
14.966 0.126984126984127 -0.0158730158730159 1.04761904761905
15.366 0.126984126984127 -0.0158730158730159 1.04761904761905
15.766 0.126984126984127 -0.0158730158730159 1.03174603174603
16.166 0.126984126984127 -0.0158730158730159 1.03174603174603
16.566 0.142857142857143 -0.0317460317460317 1.06349206349206
16.632 0.126984126984127 -0.0317460317460317 1
16.865 0.126984126984127 0 1.06349206349206
17.265 0.142857142857143 -0.0158730158730159 1
17.365 0.126984126984127 -0.0158730158730159 1.06349206349206
17.765 0.126984126984127 0 1.04761904761905
18.165 0.126984126984127 -0.0158730158730159 1.04761904761905
18.565 0.126984126984127 -0.0634920634920635 1.03174603174603
18.632 0.126984126984127 0.0158730158730159 1.07936507936508
18.699 0.111111111111111 0 1.01587301587302
19.099 0.126984126984127 0 1.06349206349206
19.199 0.126984126984127 -0.0476190476190476 1
19.265 0.126984126984127 -0.0158730158730159 1.06349206349206
19.332 0.126984126984127 0.0158730158730159 1
19.399 0.142857142857143 -0.0476190476190476 1.01587301587302
19.532 0.111111111111111 -0.0158730158730159 1.07936507936508
19.599 0.111111111111111 0.0317460317460317 1.01587301587302
19.665 0.126984126984127 -0.0476190476190476 1.03174603174603
19.765 0.126984126984127 0.0158730158730159 1.03174603174603
19.865 0.126984126984127 -0.0476190476190476 1.01587301587302
19.965 0.126984126984127 0.0158730158730159 1.03174603174603
20.132 0.111111111111111 -0.0476190476190476 1.03174603174603
20.232 0.111111111111111 0.0317460317460317 1.04761904761905
20.299 0.111111111111111 -0.0317460317460317 1.04761904761905
20.699 0.126984126984127 0 1.01587301587302
20.865 0.111111111111111 0.0158730158730159 1.07936507936508
20.899 0.126984126984127 0.0158730158730159 1
21.065 0.142857142857143 -0.0476190476190476 1.01587301587302
21.132 0.126984126984127 0.0317460317460317 1.04761904761905
21.232 0.126984126984127 -0.0317460317460317 1.01587301587302
21.632 0.111111111111111 0 1.03174603174603
22.032 0.126984126984127 0 1.07936507936508
22.132 0.126984126984127 0 1.01587301587302
22.365 0.142857142857143 -0.0634920634920635 1.01587301587302
22.432 0.142857142857143 0.0158730158730159 1.06349206349206
22.465 0.142857142857143 -0.0476190476190476 1.06349206349206
22.565 0.126984126984127 0.0158730158730159 1.03174603174603
22.632 0.126984126984127 -0.0476190476190476 1
22.732 0.126984126984127 0.0317460317460317 1.07936507936508
22.799 0.126984126984127 -0.0317460317460317 1
22.899 0.0952380952380952 0.0158730158730159 1.06349206349206
22.965 0.126984126984127 -0.0476190476190476 1.06349206349206
22.999 0.142857142857143 0.0158730158730159 1.06349206349206
23.132 0.126984126984127 -0.0476190476190476 1.04761904761905
23.232 0.111111111111111 0.0158730158730159 1.04761904761905
23.632 0.126984126984127 0 1.01587301587302
24.032 0.126984126984127 -0.0158730158730159 1.03174603174603
24.432 0.126984126984127 -0.0158730158730159 1.01587301587302
24.832 0.111111111111111 0 1.03174603174603
25.232 0.126984126984127 -0.0158730158730159 1.04761904761905
25.632 0.111111111111111 0 1.04761904761905
26.032 0.126984126984127 0 1.03174603174603
26.432 0.111111111111111 0 1.03174603174603
26.732 0.126984126984127 -0.0634920634920635 1.03174603174603
26.798 0.142857142857143 0.0317460317460317 1.01587301587302
27.165 0.126984126984127 -0.0317460317460317 1.06349206349206
27.365 0.111111111111111 -0.0317460317460317 1
27.398 0.126984126984127 0 1.07936507936508
27.432 0.126984126984127 -0.0317460317460317 1
27.632 0.126984126984127 -0.0317460317460317 1.06349206349206
28.032 0.126984126984127 -0.0158730158730159 1.07936507936508
28.065 0.126984126984127 -0.0158730158730159 0.984126984126984
28.098 0.126984126984127 0.0158730158730159 1.04761904761905
28.132 0.126984126984127 -0.0317460317460317 0.984126984126984
28.165 0.111111111111111 0 1.04761904761905
28.565 0.126984126984127 -0.0158730158730159 1
28.598 0.126984126984127 -0.0158730158730159 1.06349206349206
28.898 0.111111111111111 -0.0317460317460317 1
29.032 0.126984126984127 0 1.07936507936508
29.065 0.126984126984127 -0.0158730158730159 1
29.198 0.111111111111111 -0.0317460317460317 1.06349206349206
29.365 0.126984126984127 0 1
29.632 0.126984126984127 -0.0476190476190476 1.06349206349206
29.665 0.126984126984127 0 1
29.832 0.142857142857143 0 1.06349206349206
29.932 0.111111111111111 -0.0317460317460317 1
30.065 0.142857142857143 0 1.06349206349206
30.165 0.111111111111111 -0.0317460317460317 1
30.498 0.142857142857143 -0.0158730158730159 1.06349206349206
30.898 0.126984126984127 0.0158730158730159 0.984126984126984
30.932 0.126984126984127 -0.0317460317460317 1.07936507936508
30.965 0.126984126984127 0 1
30.998 0.142857142857143 -0.0158730158730159 1.0952380952381
31.032 0.111111111111111 -0.0158730158730159 0.984126984126984
31.098 0.111111111111111 -0.0158730158730159 1.06349206349206
31.332 0.111111111111111 -0.0317460317460317 0.984126984126984
31.398 0.142857142857143 -0.0158730158730159 1.04761904761905
31.798 0.111111111111111 -0.0317460317460317 1.01587301587302
32.198 0.126984126984127 0 1.04761904761905
32.598 0.126984126984127 0 1.03174603174603
32.998 0.126984126984127 0 1.03174603174603
33.398 0.142857142857143 0 1.01587301587302
33.798 0.126984126984127 -0.0158730158730159 1.06349206349206
34.198 0.126984126984127 -0.0158730158730159 1.03174603174603
34.598 0.111111111111111 -0.0158730158730159 1.03174603174603
34.998 0.126984126984127 -0.0158730158730159 1.04761904761905
35.398 0.126984126984127 0 1.01587301587302
35.798 0.126984126984127 -0.0158730158730159 1.04761904761905
35.898 0.111111111111111 0.0158730158730159 0.984126984126984
35.931 0.126984126984127 0 1.04761904761905
35.965 0.142857142857143 -0.0634920634920635 1.03174603174603
35.998 0.126984126984127 0.0158730158730159 1.03174603174603
36.098 0.142857142857143 -0.0476190476190476 1.01587301587302
36.131 0.142857142857143 0.0317460317460317 1.04761904761905
36.231 0.126984126984127 -0.0634920634920635 1.03174603174603
36.298 0.126984126984127 0 1.04761904761905
36.531 0.142857142857143 -0.0634920634920635 1.03174603174603
36.631 0.0952380952380952 0.0158730158730159 1.01587301587302
36.831 0.142857142857143 -0.0476190476190476 1.01587301587302
36.931 0.0793650793650794 0.0158730158730159 0.984126984126984
36.965 0.111111111111111 -0.0158730158730159 1.04761904761905
37.198 0.0793650793650794 0.0158730158730159 0.984126984126984
37.231 0.142857142857143 0.0158730158730159 1.07936507936508
37.365 0.0952380952380952 0 1.01587301587302
37.431 0.142857142857143 -0.0634920634920635 1.01587301587302
37.465 0.126984126984127 0 1.04761904761905
37.865 0.126984126984127 -0.0317460317460317 1.04761904761905
38.065 0.0952380952380952 0 0.984126984126984
38.098 0.126984126984127 0.0158730158730159 1.04761904761905
38.265 0.126984126984127 -0.0634920634920635 1.01587301587302
38.331 0.126984126984127 0.0158730158730159 1.07936507936508
38.365 0.0952380952380952 0 0.984126984126984
38.398 0.126984126984127 0 1.04761904761905
38.431 0.126984126984127 -0.0634920634920635 1
38.465 0.126984126984127 0 1.06349206349206
38.631 0.111111111111111 0 1
38.665 0.126984126984127 0.0317460317460317 1.07936507936508
38.698 0.126984126984127 -0.0476190476190476 1.01587301587302
38.798 0.0952380952380952 0.0317460317460317 1.07936507936508
38.865 0.142857142857143 -0.0317460317460317 1.01587301587302
38.965 0.126984126984127 0.0476190476190476 1.06349206349206
38.998 0.126984126984127 -0.0317460317460317 1.01587301587302
39.098 0.111111111111111 0.0476190476190476 1.07936507936508
39.131 0.126984126984127 -0.0317460317460317 1.03174603174603
39.231 0.111111111111111 0.0476190476190476 1.06349206349206
39.265 0.111111111111111 -0.0317460317460317 1.04761904761905
39.631 0.0952380952380952 -0.0317460317460317 0.984126984126984
39.665 0.126984126984127 0.0158730158730159 1.06349206349206
39.698 0.126984126984127 -0.0476190476190476 1.01587301587302
39.731 0.142857142857143 0.0158730158730159 1.06349206349206
39.765 0.111111111111111 0 0.984126984126984
39.898 0.126984126984127 -0.0158730158730159 1.06349206349206
39.931 0.111111111111111 -0.0158730158730159 0.984126984126984
39.965 0.142857142857143 0.0158730158730159 1.06349206349206
39.998 0.142857142857143 -0.0476190476190476 0.984126984126984
40.031 0.126984126984127 0.0158730158730159 1.04761904761905
40.265 0.126984126984127 -0.0634920634920635 1.01587301587302
40.298 0.126984126984127 0 1.03174603174603
40.698 0.111111111111111 0 1.01587301587302
41.098 0.111111111111111 0.0158730158730159 1.04761904761905
41.498 0.111111111111111 0 1.04761904761905
41.898 0.111111111111111 -0.0158730158730159 1.01587301587302
42.298 0.126984126984127 0 1.04761904761905
42.698 0.126984126984127 0 1.04761904761905
43.098 0.126984126984127 -0.0158730158730159 1.01587301587302
43.498 0.111111111111111 -0.0158730158730159 1.03174603174603
43.764 0.111111111111111 0.0476190476190476 1.03174603174603
43.864 0.126984126984127 0.0317460317460317 1.0952380952381
43.931 0.126984126984127 0 1.01587301587302
44.331 0.126984126984127 0 1.03174603174603
44.731 0.111111111111111 0 1.06349206349206
45.131 0.111111111111111 -0.0158730158730159 1.04761904761905
45.531 0.126984126984127 -0.0158730158730159 1.04761904761905
45.931 0.126984126984127 -0.0158730158730159 1.01587301587302
46.331 0.126984126984127 0 1.04761904761905
46.731 0.126984126984127 -0.0158730158730159 1
47.131 0.111111111111111 -0.0158730158730159 1.01587301587302
47.531 0.126984126984127 -0.0158730158730159 1.04761904761905
47.931 0.126984126984127 0 1.01587301587302
48.331 0.0952380952380952 -0.0317460317460317 1.03174603174603
48.731 0.111111111111111 0 1.01587301587302
49.131 0.126984126984127 0 1.03174603174603
49.531 0.111111111111111 -0.0158730158730159 1.03174603174603
49.931 0.111111111111111 0.0158730158730159 1.06349206349206
50.331 0.126984126984127 0.0158730158730159 1.03174603174603
50.731 0.111111111111111 0.0158730158730159 1.06349206349206
51.131 0.126984126984127 -0.0158730158730159 1.03174603174603
51.531 0.111111111111111 0 1.03174603174603
51.931 0.126984126984127 0 1.03174603174603
52.164 0.222222222222222 -0.111111111111111 1.31746031746032
52.197 0.492063492063492 0.19047619047619 -0.0158730158730159
52.231 -0.333333333333333 -0.206349206349206 2.01587301587302
52.264 0.253968253968254 -0.142857142857143 0.53968253968254
52.297 0.698412698412698 0.412698412698413 0.111111111111111
52.331 -0.0158730158730159 0.253968253968254 2.01587301587302
52.364 -0.158730158730159 -0.142857142857143 2.01587301587302
52.397 0.666666666666667 0.349206349206349 -0.317460317460317
52.431 0.19047619047619 0.428571428571429 1.63492063492063
52.464 -0.349206349206349 -0.111111111111111 2.01587301587302
52.497 0.619047619047619 0.174603174603175 -0.571428571428571
52.531 0.253968253968254 0.412698412698413 1.26984126984127
52.564 -0.301587301587302 -0.206349206349206 2.01587301587302
52.597 0.603174603174603 0.126984126984127 -0.365079365079365
52.631 -0.301587301587302 -0.0793650793650794 2.01587301587302
52.664 0.53968253968254 0.206349206349206 0
52.697 0.46031746031746 0.507936507936508 1.06349206349206
52.731 -0.428571428571429 0.0158730158730159 2.01587301587302
52.764 0.650793650793651 0.349206349206349 -0.253968253968254
52.797 -0.0634920634920635 0.0952380952380952 1.61904761904762
52.831 0.396825396825397 0.523809523809524 0.936507936507937
52.864 0.507936507936508 -0.0317460317460317 0.365079365079365
52.897 -0.0476190476190476 0.285714285714286 2.01587301587302
52.931 0.777777777777778 0.380952380952381 -0.206349206349206
52.964 -0.0317460317460317 0 1.82539682539683
52.997 0.46031746031746 0.571428571428571 1.07936507936508
53.031 0.555555555555556 0.0793650793650794 0.333333333333333
53.064 -0.158730158730159 0.396825396825397 2.01587301587302
53.097 0.777777777777778 0.492063492063492 -0.222222222222222
53.131 0.682539682539683 0.444444444444444 0.0317460317460317
53.164 0.238095238095238 -0.0634920634920635 1.03174603174603
53.197 0.111111111111111 0.492063492063492 1.79365079365079
53.231 0.825396825396825 0.317460317460317 -0.222222222222222
53.264 -0.0158730158730159 0.0793650793650794 1.96825396825397
53.297 0.396825396825397 0.555555555555556 1.23809523809524
53.331 0.634920634920635 0.142857142857143 -0.0317460317460317
53.364 -0.238095238095238 0.26984126984127 2.01587301587302
53.397 0.634920634920635 0.555555555555556 0.222222222222222
53.431 0.380952380952381 0.0317460317460317 0.46031746031746
53.464 -0.126984126984127 0.26984126984127 2.01587301587302
53.497 0.682539682539683 0.476190476190476 0
53.531 0.285714285714286 -0.0317460317460317 0.841269841269841
53.564 0.0317460317460317 0.380952380952381 1.95238095238095
53.597 0.80952380952381 0.412698412698413 -0.0952380952380952
53.631 0.793650793650794 0.492063492063492 -0.174603174603175
53.664 0.142857142857143 0.0158730158730159 1.17460317460317
53.697 -0.0158730158730159 0.444444444444444 2
53.731 0.73015873015873 0.349206349206349 -0.317460317460317
53.764 0.0317460317460317 -0.0158730158730159 1.33333333333333
53.797 0.158730158730159 0.492063492063492 1.61904761904762
53.831 0.777777777777778 0.301587301587302 -0.206349206349206
53.864 0.0634920634920635 0.0158730158730159 1.76190476190476
53.897 0.333333333333333 0.555555555555556 1.3968253968254
53.931 0.746031746031746 0.238095238095238 -0.19047619047619
53.964 -0.158730158730159 0.174603174603175 2.01587301587302
53.997 0.492063492063492 0.587301587301587 0.968253968253968
54.031 0.650793650793651 0.126984126984127 -0.0952380952380952
54.064 -0.238095238095238 0.19047619047619 2.01587301587302
54.097 0.507936507936508 0.53968253968254 0.555555555555556
54.131 0.53968253968254 0.555555555555556 1.38095238095238
54.164 0.777777777777778 0.238095238095238 -0.158730158730159
54.197 -0.0793650793650794 0.111111111111111 2.01587301587302
54.231 0.428571428571429 0.587301587301587 1.14285714285714
54.264 0.698412698412698 0.19047619047619 -0.19047619047619
54.297 -0.19047619047619 0.222222222222222 2.01587301587302
54.331 0.476190476190476 0.571428571428571 0.825396825396825
54.364 0.587301587301587 0.126984126984127 -0.174603174603175
54.397 -0.158730158730159 0.126984126984127 2.01587301587302
54.431 0.444444444444444 0.555555555555556 0.825396825396825
54.464 0.619047619047619 0.0476190476190476 0
54.497 -0.0793650793650794 0.19047619047619 2.01587301587302
54.531 0.619047619047619 0.587301587301587 0.603174603174603
54.564 0.555555555555556 0.0634920634920635 0.317460317460317
54.597 -0.142857142857143 0.301587301587302 2.01587301587302
54.631 -0.206349206349206 0.158730158730159 2.01587301587302
54.664 0.412698412698413 0.53968253968254 0.841269841269841
54.697 0.619047619047619 0.0952380952380952 -0.0793650793650794
54.731 -0.0793650793650794 0.111111111111111 1.96825396825397
54.764 0.444444444444444 0.587301587301587 0.936507936507937
54.797 0.698412698412698 0.111111111111111 -0.0476190476190476
54.831 -0.0952380952380952 0.174603174603175 2.01587301587302
54.864 0.523809523809524 0.587301587301587 0.936507936507937
54.897 0.650793650793651 0.158730158730159 -0.126984126984127
54.931 -0.206349206349206 0.238095238095238 2.01587301587302
54.964 0.507936507936508 0.571428571428571 0.80952380952381
54.997 0.619047619047619 0.111111111111111 -0.253968253968254
55.031 -0.158730158730159 0.142857142857143 2.01587301587302
55.064 0.349206349206349 0.555555555555556 1.06349206349206
55.097 0.698412698412698 0.126984126984127 -0.126984126984127
55.131 -0.0317460317460317 0.0634920634920635 1.87301587301587
55.164 0.0634920634920635 0.0634920634920635 1.84126984126984
55.197 0.126984126984127 0.571428571428571 1.88888888888889
55.231 0.777777777777778 0.380952380952381 -0.46031746031746
55.264 0.0158730158730159 0.0158730158730159 1.49206349206349
55.297 0.0317460317460317 0.46031746031746 1.96825396825397
55.331 0.73015873015873 0.412698412698413 -0.285714285714286
55.364 0.19047619047619 -0.0476190476190476 1.07936507936508
55.397 0.0476190476190476 0.412698412698413 1.92063492063492
55.431 0.793650793650794 0.46031746031746 0
55.464 0.349206349206349 -0.0317460317460317 0.904761904761905
55.497 -0.0317460317460317 0.365079365079365 2.01587301587302
55.531 0.80952380952381 0.555555555555556 0.0476190476190476
55.564 0.412698412698413 0.0476190476190476 0.698412698412698
55.597 -0.158730158730159 0.396825396825397 2.01587301587302
55.631 0.682539682539683 0.555555555555556 0.111111111111111
55.664 0.365079365079365 0.555555555555556 1.15873015873016
55.697 0.761904761904762 0.19047619047619 -0.158730158730159
55.731 0.0317460317460317 0.0634920634920635 1.85714285714286
55.764 0.301587301587302 0.587301587301587 1.47619047619048
55.797 0.80952380952381 0.301587301587302 -0.333333333333333
55.831 0 0.0634920634920635 1.96825396825397
55.864 0.142857142857143 0.571428571428571 1.84126984126984
55.897 0.793650793650794 0.380952380952381 -0.476190476190476
55.931 0.0634920634920635 -0.0158730158730159 1.34920634920635
55.964 -0.0476190476190476 0.428571428571429 2.01587301587302
55.997 0.73015873015873 0.476190476190476 -0.126984126984127
56.031 0.349206349206349 -0.0476190476190476 0.714285714285714
56.064 -0.0317460317460317 0.317460317460317 2.01587301587302
56.097 0.698412698412698 0.587301587301587 0.317460317460317
56.131 0.53968253968254 0.0317460317460317 0.380952380952381
56.164 -0.126984126984127 0.19047619047619 -0.412698412698413
56.197 -0.142857142857143 0.126984126984127 2.01587301587302
56.231 0.19047619047619 0.555555555555556 1.57142857142857
56.264 0.73015873015873 0.301587301587302 -0.349206349206349
56.297 0.0793650793650794 -0.0158730158730159 1.36507936507937
56.331 0.0952380952380952 0.476190476190476 1.82539682539683
56.364 0.80952380952381 0.46031746031746 -0.0952380952380952
56.397 0.301587301587302 -0.0476190476190476 1.07936507936508
56.431 -0.0158730158730159 0.396825396825397 2.01587301587302
56.464 0.80952380952381 0.571428571428571 0.0317460317460317
56.497 0.380952380952381 0.0158730158730159 0.73015873015873
56.531 -0.142857142857143 0.365079365079365 2.01587301587302
56.564 0.666666666666667 0.571428571428571 0.174603174603175
56.597 0.507936507936508 0.0317460317460317 0.0952380952380952
56.631 -0.142857142857143 0.174603174603175 2.01587301587302
56.664 0.428571428571429 0.587301587301587 1.68253968253968
56.697 0.19047619047619 0.555555555555556 1.71428571428571
56.731 0.857142857142857 0.412698412698413 -0.349206349206349
56.764 0.126984126984127 0.0317460317460317 1.65079365079365
56.797 0.0158730158730159 0.507936507936508 2.01587301587302
56.831 0.777777777777778 0.476190476190476 -0.285714285714286
56.864 0.253968253968254 -0.0158730158730159 0.80952380952381
56.897 -0.111111111111111 0.301587301587302 2.01587301587302
56.931 0.634920634920635 0.587301587301587 0.333333333333333
56.964 0.53968253968254 0.0634920634920635 0.174603174603175
56.997 -0.0793650793650794 0.174603174603175 2.01587301587302
57.031 0.507936507936508 0.603174603174603 0.857142857142857
57.064 0.73015873015873 0.158730158730159 -0.0952380952380952
57.097 -0.0793650793650794 0.126984126984127 2.01587301587302
57.131 0.365079365079365 0.603174603174603 1.36507936507937
57.164 0.793650793650794 0.26984126984127 -0.507936507936508
57.197 0.73015873015873 0.507936507936508 -0.142857142857143
57.231 0.317460317460317 -0.0317460317460317 0.682539682539683
57.264 -0.0317460317460317 0.317460317460317 2.01587301587302
57.297 0.714285714285714 0.619047619047619 0.333333333333333
57.331 0.555555555555556 0.0476190476190476 0.365079365079365
57.364 -0.0952380952380952 0.238095238095238 2.01587301587302
57.397 0.619047619047619 0.587301587301587 0.666666666666667
57.431 0.666666666666667 0.158730158730159 -0.174603174603175
57.464 0.46031746031746 0.111111111111111 0.555555555555556
57.497 0.253968253968254 0.301587301587302 1.33333333333333
57.531 0.317460317460317 0.301587301587302 0.952380952380952
57.564 0.365079365079365 0.317460317460317 1.03174603174603
57.597 0.285714285714286 0.301587301587302 0.920634920634921
57.631 0.349206349206349 0.333333333333333 0.952380952380952
58.031 0.317460317460317 0.301587301587302 0.968253968253968
58.43 0.301587301587302 0.317460317460317 0.952380952380952
58.83 0.317460317460317 0.285714285714286 0.968253968253968
59.23 0.301587301587302 0.301587301587302 0.920634920634921
59.63 0.317460317460317 0.301587301587302 0.968253968253968
60.03 0.301587301587302 0.301587301587302 0.952380952380952
60.43 0.317460317460317 0.285714285714286 0.952380952380952
60.66 0.158730158730159 0.222222222222222 1.12698412698413
60.7 0.333333333333333 0.349206349206349 0.952380952380952
60.73 0.53968253968254 0.26984126984127 0.746031746031746
60.76 0.238095238095238 0.380952380952381 1.11111111111111
60.8 0.46031746031746 0.333333333333333 0.746031746031746
60.83 0.46031746031746 0.222222222222222 0.777777777777778
60.86 0.19047619047619 0.285714285714286 1.14285714285714
60.9 0.111111111111111 0.412698412698413 1.22222222222222
60.93 0.380952380952381 0.317460317460317 0.793650793650794
60.96 0.507936507936508 0.19047619047619 0.73015873015873
61 0.317460317460317 0.238095238095238 0.968253968253968
61.03 0.158730158730159 0.349206349206349 1.14285714285714
61.06 0.349206349206349 0.380952380952381 0.952380952380952
61.1 0.523809523809524 0.253968253968254 0.746031746031746
61.13 0.396825396825397 0.238095238095238 0.857142857142857
61.16 0.126984126984127 0.365079365079365 1.28571428571429
61.2 0.206349206349206 0.412698412698413 1.11111111111111
61.23 0.476190476190476 0.317460317460317 0.746031746031746
61.26 0.301587301587302 0.365079365079365 0.904761904761905
61.3 0.507936507936508 0.26984126984127 0.761904761904762
61.33 0.46031746031746 0.206349206349206 0.777777777777778
61.36 0.222222222222222 0.285714285714286 1.03174603174603
61.4 0.19047619047619 0.396825396825397 1.15873015873016
61.43 0.428571428571429 0.349206349206349 0.825396825396825
61.46 0.46031746031746 0.238095238095238 0.777777777777778
61.5 0.206349206349206 0.301587301587302 1.11111111111111
61.53 0.111111111111111 0.412698412698413 1.22222222222222
61.56 0.301587301587302 0.333333333333333 0.920634920634921
61.6 0.507936507936508 0.206349206349206 0.73015873015873
61.63 0.349206349206349 0.222222222222222 0.920634920634921
61.66 0.158730158730159 0.333333333333333 1.06349206349206
61.7 0.317460317460317 0.380952380952381 0.888888888888889
61.73 0.523809523809524 0.26984126984127 0.746031746031746
61.76 0.26984126984127 0.365079365079365 1.03174603174603
61.8 0.46031746031746 0.285714285714286 0.793650793650794
61.83 0.380952380952381 0.206349206349206 0.904761904761905
61.86 0.158730158730159 0.333333333333333 1.11111111111111
61.9 0.238095238095238 0.380952380952381 0.968253968253968
61.93 0.507936507936508 0.285714285714286 0.746031746031746
61.96 0.46031746031746 0.206349206349206 0.793650793650794
62 0.222222222222222 0.285714285714286 1.01587301587302
62.03 0.158730158730159 0.396825396825397 1.17460317460317
62.06 0.380952380952381 0.365079365079365 0.936507936507937
62.1 0.507936507936508 0.26984126984127 0.73015873015873
62.13 0.238095238095238 0.285714285714286 1.03174603174603
62.16 0.0952380952380952 0.412698412698413 1.25396825396825
62.2 0.317460317460317 0.349206349206349 0.936507936507937
62.23 0.523809523809524 0.222222222222222 0.746031746031746
62.26 0.380952380952381 0.380952380952381 0.904761904761905
62.3 0.507936507936508 0.253968253968254 0.761904761904762
62.33 0.365079365079365 0.26984126984127 0.873015873015873
62.36 0.111111111111111 0.365079365079365 1.28571428571429
62.4 0.253968253968254 0.380952380952381 1.04761904761905
62.43 0.492063492063492 0.26984126984127 0.777777777777778
62.46 0.380952380952381 0.222222222222222 0.904761904761905
62.5 0.126984126984127 0.349206349206349 1.17460317460317
62.53 0.222222222222222 0.365079365079365 0.952380952380952
62.56 0.507936507936508 0.26984126984127 0.73015873015873
62.6 0.428571428571429 0.222222222222222 0.80952380952381
62.63 0.19047619047619 0.301587301587302 1.04761904761905
62.66 0.238095238095238 0.412698412698413 1.07936507936508
62.7 0.46031746031746 0.333333333333333 0.841269841269841
62.73 0.444444444444444 0.238095238095238 0.793650793650794
62.76 0.492063492063492 0.253968253968254 0.73015873015873
62.8 0.380952380952381 0.222222222222222 0.920634920634921
62.83 0.19047619047619 0.285714285714286 1.06349206349206
62.86 0.253968253968254 0.396825396825397 0.984126984126984
62.9 0.53968253968254 0.301587301587302 0.746031746031746
62.93 0.444444444444444 0.222222222222222 0.793650793650794
62.96 0.158730158730159 0.317460317460317 1.15873015873016
63 0.238095238095238 0.412698412698413 1.11111111111111
63.03 0.46031746031746 0.317460317460317 0.777777777777778
63.06 0.396825396825397 0.238095238095238 0.80952380952381
63.1 0.174603174603175 0.349206349206349 1.17460317460317
63.13 0.142857142857143 0.396825396825397 1.11111111111111
63.16 0.46031746031746 0.301587301587302 0.761904761904762
63.2 0.46031746031746 0.19047619047619 0.841269841269841
63.23 0.253968253968254 0.285714285714286 0.984126984126984
63.26 0.412698412698413 0.222222222222222 0.841269841269841
63.3 0.111111111111111 0.365079365079365 1.25396825396825
63.33 0.238095238095238 0.396825396825397 1.0952380952381
63.36 0.46031746031746 0.317460317460317 0.777777777777778
63.4 0.365079365079365 0.222222222222222 0.888888888888889
63.43 0.126984126984127 0.349206349206349 1.12698412698413
63.46 0.222222222222222 0.380952380952381 0.984126984126984
63.5 0.523809523809524 0.285714285714286 0.682539682539683
63.53 0.428571428571429 0.206349206349206 0.857142857142857
63.56 0.19047619047619 0.301587301587302 1.06349206349206
63.6 0.26984126984127 0.412698412698413 1.04761904761905
63.63 0.46031746031746 0.301587301587302 0.841269841269841
63.7 0.126984126984127 0.349206349206349 1.17460317460317
63.73 0.158730158730159 0.412698412698413 1.14285714285714
63.76 0.158730158730159 0.301587301587302 1.04761904761905
63.8 0.301587301587302 0.365079365079365 0.952380952380952
63.83 0.555555555555556 0.26984126984127 0.746031746031746
63.86 0.380952380952381 0.222222222222222 0.857142857142857
63.9 0.158730158730159 0.365079365079365 1.20634920634921
63.93 0.285714285714286 0.412698412698413 1.12698412698413
63.96 0.492063492063492 0.317460317460317 0.761904761904762
64 0.333333333333333 0.253968253968254 0.888888888888889
64.03 0.0952380952380952 0.396825396825397 1.25396825396825
64.06 0.253968253968254 0.365079365079365 0.984126984126984
64.1 0.507936507936508 0.238095238095238 0.73015873015873
64.13 0.349206349206349 0.222222222222222 0.920634920634921
64.16 0.174603174603175 0.301587301587302 1.04761904761905
64.2 0.333333333333333 0.380952380952381 0.904761904761905
64.23 0.555555555555556 0.26984126984127 0.777777777777778
64.26 0.333333333333333 0.365079365079365 0.936507936507937
64.3 0.476190476190476 0.238095238095238 0.714285714285714
64.33 0.26984126984127 0.285714285714286 1.01587301587302
64.36 0.0952380952380952 0.380952380952381 1.19047619047619
64.4 0.365079365079365 0.317460317460317 0.825396825396825
64.43 0.507936507936508 0.222222222222222 0.777777777777778
64.46 0.349206349206349 0.238095238095238 0.920634920634921
64.5 0.158730158730159 0.365079365079365 1.12698412698413
64.53 0.412698412698413 0.349206349206349 0.904761904761905
64.56 0.507936507936508 0.238095238095238 0.777777777777778
64.6 0.253968253968254 0.285714285714286 1.03174603174603
64.63 0.111111111111111 0.428571428571429 1.3015873015873
64.66 0.365079365079365 0.365079365079365 0.888888888888889
64.7 0.46031746031746 0.222222222222222 0.777777777777778
64.73 0.174603174603175 0.333333333333333 1.06349206349206
64.76 0.46031746031746 0.222222222222222 0.825396825396825
64.8 0.19047619047619 0.317460317460317 1.0952380952381
64.83 0.26984126984127 0.412698412698413 1.07936507936508
64.86 0.476190476190476 0.317460317460317 0.777777777777778
64.9 0.380952380952381 0.253968253968254 0.888888888888889
64.93 0.111111111111111 0.365079365079365 1.26984126984127
64.96 0.206349206349206 0.396825396825397 1.04761904761905
65 0.492063492063492 0.26984126984127 0.73015873015873
65.03 0.349206349206349 0.222222222222222 0.952380952380952
65.06 0.174603174603175 0.317460317460317 1.06349206349206
65.1 0.317460317460317 0.380952380952381 0.920634920634921
65.13 0.555555555555556 0.285714285714286 0.73015873015873
65.16 0.380952380952381 0.238095238095238 0.873015873015873
65.2 0.142857142857143 0.365079365079365 1.17460317460317
65.23 0.301587301587302 0.380952380952381 1.06349206349206
65.26 0.0952380952380952 0.412698412698413 1.20634920634921
65.3 0.380952380952381 0.317460317460317 0.841269841269841
65.33 0.492063492063492 0.206349206349206 0.746031746031746
65.36 0.26984126984127 0.253968253968254 0.952380952380952
65.4 0.174603174603175 0.365079365079365 1.0952380952381
65.43 0.46031746031746 0.349206349206349 0.793650793650794
65.46 0.492063492063492 0.253968253968254 0.793650793650794
65.5 0.206349206349206 0.317460317460317 1.0952380952381
65.53 0.174603174603175 0.412698412698413 1.23809523809524
65.56 0.412698412698413 0.349206349206349 0.857142857142857
65.6 0.428571428571429 0.238095238095238 0.80952380952381
65.63 0.142857142857143 0.349206349206349 1.17460317460317
65.66 0.19047619047619 0.412698412698413 1.03174603174603
65.73 0.317460317460317 0.380952380952381 1
65.76 0.523809523809524 0.26984126984127 0.777777777777778
65.8 0.317460317460317 0.26984126984127 0.984126984126984
65.83 0.111111111111111 0.396825396825397 1.33333333333333
65.86 0.301587301587302 0.380952380952381 0.984126984126984
65.9 0.492063492063492 0.238095238095238 0.746031746031746
65.93 0.238095238095238 0.285714285714286 1.06349206349206
65.96 0.126984126984127 0.380952380952381 1.12698412698413
66 0.412698412698413 0.333333333333333 0.825396825396825
66.03 0.507936507936508 0.222222222222222 0.761904761904762
66.1 0.19047619047619 0.380952380952381 1.11111111111111
66.13 0.444444444444444 0.349206349206349 0.857142857142857
66.16 0.428571428571429 0.26984126984127 0.841269841269841
66.2 0.317460317460317 0.317460317460317 0.952380952380952
66.6 0.285714285714286 0.301587301587302 0.936507936507937
67 0.317460317460317 0.301587301587302 0.952380952380952
67.4 0.317460317460317 0.301587301587302 0.952380952380952
67.8 0.317460317460317 0.301587301587302 0.984126984126984
68.16 0.333333333333333 0.317460317460317 0.920634920634921
68.56 0.285714285714286 0.317460317460317 0.936507936507937
68.73 0.317460317460317 0.301587301587302 1
68.76 0.317460317460317 0.285714285714286 0.936507936507937
69.16 0.301587301587302 0.317460317460317 0.952380952380952
69.33 0.253968253968254 0.380952380952381 1.0952380952381
69.36 0.206349206349206 0.333333333333333 0.936507936507937
69.4 0.444444444444444 0.285714285714286 0.873015873015873
69.46 0.365079365079365 0.26984126984127 0.968253968253968
69.5 0.238095238095238 0.317460317460317 1.04761904761905
69.53 0.142857142857143 0.380952380952381 1.03174603174603
69.56 0.238095238095238 0.365079365079365 1
69.6 0.412698412698413 0.26984126984127 0.873015873015873
69.63 0.476190476190476 0.253968253968254 0.857142857142857
69.66 0.317460317460317 0.333333333333333 1.01587301587302
69.7 0.142857142857143 0.396825396825397 1.06349206349206
69.73 0.19047619047619 0.365079365079365 0.936507936507937
69.76 0.206349206349206 0.333333333333333 1.06349206349206
69.83 0.317460317460317 0.317460317460317 0.936507936507937
69.86 0.476190476190476 0.238095238095238 0.841269841269841
69.9 0.428571428571429 0.253968253968254 0.904761904761905
69.93 0.253968253968254 0.380952380952381 1.06349206349206
69.96 0.142857142857143 0.396825396825397 1.04761904761905
70 0.222222222222222 0.317460317460317 0.952380952380952
70.03 0.428571428571429 0.26984126984127 0.80952380952381
70.1 0.349206349206349 0.285714285714286 0.968253968253968
70.13 0.206349206349206 0.333333333333333 1.06349206349206
70.2 0.365079365079365 0.333333333333333 0.904761904761905
70.23 0.492063492063492 0.238095238095238 0.857142857142857
70.26 0.238095238095238 0.333333333333333 0.920634920634921
70.3 0.412698412698413 0.26984126984127 0.80952380952381
70.33 0.444444444444444 0.26984126984127 0.873015873015873
70.36 0.317460317460317 0.285714285714286 1
70.4 0.174603174603175 0.333333333333333 1.03174603174603
70.43 0.206349206349206 0.333333333333333 0.968253968253968
70.46 0.380952380952381 0.301587301587302 0.888888888888889
70.5 0.476190476190476 0.253968253968254 0.873015873015873
70.53 0.365079365079365 0.301587301587302 0.968253968253968
70.56 0.174603174603175 0.380952380952381 1.0952380952381
70.6 0.158730158730159 0.396825396825397 1.01587301587302
70.63 0.301587301587302 0.333333333333333 0.904761904761905
70.66 0.444444444444444 0.26984126984127 0.857142857142857
70.73 0.253968253968254 0.317460317460317 1.03174603174603
70.76 0.476190476190476 0.222222222222222 0.904761904761905
70.8 0.317460317460317 0.317460317460317 1.01587301587302
70.83 0.142857142857143 0.396825396825397 1.0952380952381
70.86 0.158730158730159 0.396825396825397 1.01587301587302
70.9 0.365079365079365 0.285714285714286 0.841269841269841
70.93 0.476190476190476 0.285714285714286 0.825396825396825
70.96 0.396825396825397 0.301587301587302 0.904761904761905
71 0.238095238095238 0.349206349206349 1.03174603174603
71.03 0.158730158730159 0.349206349206349 1
71.06 0.301587301587302 0.349206349206349 0.904761904761905
71.1 0.444444444444444 0.285714285714286 0.857142857142857
71.16 0.253968253968254 0.333333333333333 1.03174603174603
71.2 0.142857142857143 0.396825396825397 1.0952380952381
71.23 0.349206349206349 0.317460317460317 0.952380952380952
71.26 0.19047619047619 0.349206349206349 1.03174603174603
71.33 0.349206349206349 0.333333333333333 0.888888888888889
71.36 0.46031746031746 0.238095238095238 0.873015873015873
71.43 0.238095238095238 0.317460317460317 1.07936507936508
71.46 0.142857142857143 0.396825396825397 1.07936507936508
71.5 0.253968253968254 0.349206349206349 0.984126984126984
71.53 0.428571428571429 0.26984126984127 0.825396825396825
71.6 0.301587301587302 0.333333333333333 1.01587301587302
71.63 0.158730158730159 0.333333333333333 1.03174603174603
71.66 0.206349206349206 0.333333333333333 0.936507936507937
71.7 0.412698412698413 0.285714285714286 0.841269841269841
71.73 0.46031746031746 0.396825396825397 1.04761904761905
71.76 0.333333333333333 0.301587301587302 0.920634920634921
71.8 0.476190476190476 0.253968253968254 0.825396825396825
71.83 0.396825396825397 0.301587301587302 0.904761904761905
71.86 0.222222222222222 0.365079365079365 1.04761904761905
71.93 0.253968253968254 0.317460317460317 0.888888888888889
71.96 0.46031746031746 0.285714285714286 0.841269841269841
72 0.428571428571429 0.253968253968254 0.920634920634921
72.03 0.285714285714286 0.301587301587302 1.01587301587302
72.06 0.142857142857143 0.380952380952381 1.06349206349206
72.1 0.222222222222222 0.365079365079365 1.03174603174603
72.13 0.380952380952381 0.301587301587302 0.888888888888889
72.16 0.476190476190476 0.26984126984127 0.841269841269841
72.2 0.365079365079365 0.301587301587302 0.984126984126984
72.23 0.476190476190476 0.285714285714286 0.857142857142857
72.26 0.428571428571429 0.26984126984127 0.936507936507937
72.3 0.26984126984127 0.317460317460317 1.01587301587302
72.33 0.142857142857143 0.380952380952381 1.07936507936508
72.36 0.253968253968254 0.365079365079365 1
72.4 0.428571428571429 0.26984126984127 0.857142857142857
72.46 0.285714285714286 0.333333333333333 1.03174603174603
72.5 0.142857142857143 0.380952380952381 1.0952380952381
72.53 0.19047619047619 0.333333333333333 0.968253968253968
72.56 0.333333333333333 0.301587301587302 0.841269841269841
72.6 0.476190476190476 0.285714285714286 0.857142857142857
72.63 0.396825396825397 0.285714285714286 0.936507936507937
72.66 0.19047619047619 0.349206349206349 1.06349206349206
72.7 0.444444444444444 0.26984126984127 0.904761904761905
72.73 0.26984126984127 0.365079365079365 1.04761904761905
72.76 0.126984126984127 0.380952380952381 1.07936507936508
72.8 0.222222222222222 0.349206349206349 0.968253968253968
72.83 0.412698412698413 0.301587301587302 0.793650793650794
72.86 0.46031746031746 0.26984126984127 0.857142857142857
72.9 0.349206349206349 0.285714285714286 0.968253968253968
72.93 0.19047619047619 0.349206349206349 1.04761904761905
73 0.349206349206349 0.317460317460317 0.888888888888889
73.03 0.46031746031746 0.238095238095238 0.857142857142857
73.06 0.396825396825397 0.301587301587302 0.952380952380952
73.1 0.206349206349206 0.380952380952381 1.07936507936508
73.13 0.126984126984127 0.380952380952381 1.03174603174603
73.16 0.285714285714286 0.317460317460317 0.904761904761905
73.2 0.46031746031746 0.285714285714286 0.825396825396825
73.23 0.206349206349206 0.365079365079365 0.968253968253968
73.26 0.396825396825397 0.317460317460317 0.904761904761905
73.3 0.476190476190476 0.238095238095238 0.857142857142857
73.33 0.365079365079365 0.301587301587302 0.968253968253968
73.36 0.174603174603175 0.380952380952381 1.11111111111111
73.4 0.158730158730159 0.396825396825397 1.01587301587302
73.43 0.317460317460317 0.301587301587302 0.904761904761905
73.46 0.46031746031746 0.26984126984127 0.857142857142857
73.5 0.412698412698413 0.301587301587302 0.936507936507937
73.53 0.253968253968254 0.317460317460317 1.01587301587302
73.56 0.158730158730159 0.349206349206349 1.01587301587302
73.6 0.285714285714286 0.349206349206349 0.920634920634921
73.63 0.46031746031746 0.285714285714286 0.873015873015873
73.7 0.26984126984127 0.333333333333333 1.06349206349206
73.73 0.476190476190476 0.285714285714286 0.857142857142857
73.76 0.349206349206349 0.317460317460317 0.952380952380952
73.8 0.206349206349206 0.333333333333333 1.03174603174603
73.83 0.158730158730159 0.333333333333333 0.952380952380952
73.86 0.365079365079365 0.301587301587302 0.873015873015873
73.9 0.476190476190476 0.238095238095238 0.873015873015873
73.93 0.412698412698413 0.26984126984127 0.936507936507937
73.96 0.222222222222222 0.349206349206349 1.07936507936508
74 0.126984126984127 0.412698412698413 1.11111111111111
74.03 0.253968253968254 0.349206349206349 0.936507936507937
74.06 0.444444444444444 0.253968253968254 0.793650793650794
74.1 0.444444444444444 0.285714285714286 0.857142857142857
74.13 0.285714285714286 0.317460317460317 1.01587301587302
74.16 0.174603174603175 0.349206349206349 1.03174603174603
74.2 0.206349206349206 0.333333333333333 0.968253968253968
74.23 0.174603174603175 0.380952380952381 1.07936507936508
74.3 0.285714285714286 0.317460317460317 0.952380952380952
74.33 0.46031746031746 0.253968253968254 0.841269841269841
74.4 0.253968253968254 0.349206349206349 1.03174603174603
74.43 0.158730158730159 0.349206349206349 1.03174603174603
74.46 0.222222222222222 0.333333333333333 0.904761904761905
74.5 0.412698412698413 0.285714285714286 0.857142857142857
74.56 0.317460317460317 0.285714285714286 1
74.6 0.142857142857143 0.365079365079365 1.0952380952381
74.66 0.365079365079365 0.301587301587302 0.904761904761905
74.73 0.317460317460317 0.285714285714286 0.984126984126984
74.76 0.317460317460317 0.349206349206349 0.968253968253968
75.16 0.301587301587302 0.317460317460317 0.952380952380952
75.56 0.317460317460317 0.317460317460317 0.936507936507937
75.96 0.317460317460317 0.333333333333333 0.936507936507937
76.36 0.301587301587302 0.317460317460317 0.920634920634921
76.4 0.301587301587302 0.317460317460317 0.984126984126984
76.8 0.317460317460317 0.317460317460317 0.952380952380952
77.2 0.301587301587302 0.301587301587302 0.952380952380952
77.6 0.317460317460317 0.317460317460317 0.968253968253968
78 0.301587301587302 0.333333333333333 0.936507936507937
78.33 0.317460317460317 0.26984126984127 0.936507936507937
78.43 0.301587301587302 0.365079365079365 0.936507936507937
78.5 0.317460317460317 0.285714285714286 0.968253968253968
78.6 0.301587301587302 0.365079365079365 0.952380952380952
78.63 0.301587301587302 0.301587301587302 0.952380952380952
78.73 0.301587301587302 0.365079365079365 0.952380952380952
78.76 0.317460317460317 0.301587301587302 0.936507936507937
78.83 0.301587301587302 0.365079365079365 0.936507936507937
78.86 0.285714285714286 0.301587301587302 0.952380952380952
78.96 0.301587301587302 0.365079365079365 0.968253968253968
79.03 0.301587301587302 0.301587301587302 0.952380952380952
79.43 0.301587301587302 0.349206349206349 0.952380952380952
79.46 0.285714285714286 0.285714285714286 0.936507936507937
79.56 0.317460317460317 0.349206349206349 0.936507936507937
79.63 0.301587301587302 0.285714285714286 0.952380952380952
79.73 0.301587301587302 0.349206349206349 0.968253968253968
79.76 0.301587301587302 0.285714285714286 0.984126984126984
79.8 0.301587301587302 0.349206349206349 0.968253968253968
79.9 0.317460317460317 0.26984126984127 0.968253968253968
79.96 0.301587301587302 0.349206349206349 0.952380952380952
80.06 0.317460317460317 0.26984126984127 0.936507936507937
80.13 0.317460317460317 0.365079365079365 0.968253968253968
80.2 0.333333333333333 0.285714285714286 0.952380952380952
80.33 0.301587301587302 0.349206349206349 0.952380952380952
80.43 0.317460317460317 0.26984126984127 0.904761904761905
80.5 0.301587301587302 0.333333333333333 0.952380952380952
80.6 0.317460317460317 0.26984126984127 0.936507936507937
80.7 0.317460317460317 0.349206349206349 0.968253968253968
80.86 0.317460317460317 0.26984126984127 0.920634920634921
80.93 0.301587301587302 0.333333333333333 0.952380952380952
81.2 0.301587301587302 0.26984126984127 0.936507936507937
81.3 0.317460317460317 0.333333333333333 0.968253968253968
81.7 0.301587301587302 0.301587301587302 0.936507936507937
82.06 0.285714285714286 0.365079365079365 0.968253968253968
82.13 0.317460317460317 0.285714285714286 0.936507936507937
82.23 0.285714285714286 0.365079365079365 0.936507936507937
82.26 0.333333333333333 0.333333333333333 1
82.36 0.317460317460317 0.26984126984127 0.936507936507937
82.43 0.317460317460317 0.365079365079365 0.968253968253968
82.5 0.317460317460317 0.285714285714286 0.936507936507937
82.6 0.285714285714286 0.380952380952381 0.952380952380952
82.63 0.301587301587302 0.317460317460317 0.952380952380952
82.76 0.285714285714286 0.380952380952381 0.936507936507937
82.9 0.317460317460317 0.285714285714286 0.936507936507937
83 0.301587301587302 0.365079365079365 0.968253968253968
83.06 0.301587301587302 0.285714285714286 0.968253968253968
83.16 0.301587301587302 0.380952380952381 0.984126984126984
83.23 0.333333333333333 0.253968253968254 0.952380952380952
83.26 0.301587301587302 0.349206349206349 0.968253968253968
83.66 0.317460317460317 0.333333333333333 0.968253968253968
84.06 0.317460317460317 0.317460317460317 0.952380952380952
84.46 0.317460317460317 0.317460317460317 0.968253968253968
84.86 0.317460317460317 0.317460317460317 0.968253968253968
85.26 0.317460317460317 0.317460317460317 0.952380952380952
85.66 0.301587301587302 0.301587301587302 0.952380952380952
86.06 0.317460317460317 0.317460317460317 0.952380952380952
86.46 0.317460317460317 0.317460317460317 0.968253968253968
86.86 0.301587301587302 0.301587301587302 0.968253968253968
87.26 0.317460317460317 0.317460317460317 0.920634920634921
87.33 0.317460317460317 0.301587301587302 0.984126984126984
87.4 0.317460317460317 0.349206349206349 0.920634920634921
87.8 0.317460317460317 0.301587301587302 0.952380952380952
88.2 0.317460317460317 0.301587301587302 0.952380952380952
88.6 0.317460317460317 0.317460317460317 0.952380952380952
89 0.301587301587302 0.301587301587302 0.936507936507937
89.4 0.317460317460317 0.333333333333333 0.936507936507937
89.66 0.301587301587302 0.26984126984127 0.936507936507937
89.83 0.317460317460317 0.349206349206349 0.920634920634921
89.9 0.317460317460317 0.317460317460317 0.984126984126984
90.06 0.317460317460317 0.349206349206349 0.920634920634921
90.1 0.301587301587302 0.301587301587302 0.984126984126984
90.5 0.317460317460317 0.333333333333333 0.952380952380952
90.9 0.301587301587302 0.317460317460317 0.952380952380952
91.3 0.317460317460317 0.333333333333333 0.952380952380952
91.7 0.317460317460317 0.301587301587302 0.936507936507937
92.1 0.301587301587302 0.333333333333333 0.952380952380952
92.5 0.301587301587302 0.317460317460317 0.952380952380952
92.9 0.317460317460317 0.333333333333333 0.968253968253968
93.3 0.301587301587302 0.317460317460317 0.936507936507937
93.7 0.301587301587302 0.333333333333333 0.952380952380952
94.1 0.317460317460317 0.317460317460317 0.936507936507937
94.5 0.317460317460317 0.317460317460317 0.952380952380952
94.83 0.317460317460317 0.253968253968254 0.952380952380952
94.86 0.317460317460317 0.333333333333333 0.952380952380952
95.16 0.317460317460317 0.253968253968254 0.952380952380952
95.23 0.317460317460317 0.317460317460317 0.984126984126984
95.26 0.285714285714286 0.380952380952381 1
95.36 0.317460317460317 0.285714285714286 0.952380952380952
95.46 0.301587301587302 0.349206349206349 0.936507936507937
95.53 0.317460317460317 0.26984126984127 0.936507936507937
95.6 0.317460317460317 0.349206349206349 0.968253968253968
95.73 0.317460317460317 0.26984126984127 0.968253968253968
95.83 0.317460317460317 0.333333333333333 0.968253968253968
96.1 0.317460317460317 0.238095238095238 0.952380952380952
96.16 0.301587301587302 0.333333333333333 0.952380952380952
96.33 0.317460317460317 0.26984126984127 0.968253968253968
96.4 0.317460317460317 0.333333333333333 0.936507936507937
96.66 0.301587301587302 0.26984126984127 0.952380952380952
96.76 0.301587301587302 0.349206349206349 0.968253968253968
96.86 0.317460317460317 0.26984126984127 0.904761904761905
96.93 0.317460317460317 0.333333333333333 0.968253968253968
97 0.317460317460317 0.253968253968254 0.968253968253968
97.06 0.301587301587302 0.333333333333333 0.968253968253968
97.4 0.301587301587302 0.333333333333333 0.904761904761905
97.5 0.317460317460317 0.317460317460317 0.968253968253968
97.9 0.317460317460317 0.396825396825397 0.968253968253968
97.96 0.301587301587302 0.285714285714286 1
98 0.317460317460317 0.365079365079365 0.984126984126984
98.1 0.317460317460317 0.285714285714286 0.936507936507937
98.2 0.301587301587302 0.365079365079365 0.936507936507937
98.33 0.301587301587302 0.26984126984127 0.904761904761905
98.36 0.317460317460317 0.285714285714286 0.968253968253968
98.43 0.301587301587302 0.349206349206349 1
98.53 0.301587301587302 0.365079365079365 0.920634920634921
98.63 0.301587301587302 0.301587301587302 0.904761904761905
98.73 0.317460317460317 0.349206349206349 0.968253968253968
98.86 0.317460317460317 0.26984126984127 0.968253968253968
98.96 0.301587301587302 0.365079365079365 0.952380952380952
99.16 0.317460317460317 0.285714285714286 0.968253968253968
99.3 0.317460317460317 0.349206349206349 0.984126984126984
99.36 0.317460317460317 0.333333333333333 0.920634920634921
99.4 0.317460317460317 0.26984126984127 0.936507936507937
99.5 0.317460317460317 0.365079365079365 0.920634920634921
99.53 0.301587301587302 0.253968253968254 0.968253968253968
99.6 0.301587301587302 0.349206349206349 0.968253968253968
99.7 0.333333333333333 0.285714285714286 0.952380952380952
99.8 0.317460317460317 0.349206349206349 0.936507936507937
99.96 0.301587301587302 0.26984126984127 0.904761904761905
100 0.317460317460317 0.317460317460317 0.968253968253968
100.03 0.301587301587302 0.253968253968254 0.952380952380952
100.13 0.301587301587302 0.349206349206349 0.968253968253968
100.26 0.317460317460317 0.285714285714286 0.888888888888889
100.33 0.333333333333333 0.301587301587302 0.952380952380952
100.73 0.317460317460317 0.333333333333333 0.936507936507937
101.13 0.317460317460317 0.317460317460317 0.968253968253968
101.53 0.317460317460317 0.333333333333333 0.968253968253968
101.93 0.301587301587302 0.317460317460317 0.952380952380952
102.33 0.301587301587302 0.317460317460317 0.952380952380952
102.73 0.301587301587302 0.301587301587302 0.952380952380952
103.13 0.301587301587302 0.333333333333333 0.920634920634921
103.3 0.317460317460317 0.317460317460317 0.984126984126984
103.43 0.301587301587302 0.333333333333333 0.920634920634921
103.83 0.317460317460317 0.301587301587302 0.936507936507937
104.23 0.301587301587302 0.317460317460317 0.936507936507937
104.63 0.301587301587302 0.301587301587302 0.936507936507937
105.03 0.317460317460317 0.301587301587302 0.936507936507937
105.43 0.301587301587302 0.317460317460317 0.984126984126984
105.53 0.285714285714286 0.333333333333333 0.920634920634921
105.63 0.301587301587302 0.317460317460317 0.984126984126984
106.03 0.301587301587302 0.317460317460317 0.968253968253968
106.43 0.301587301587302 0.317460317460317 0.952380952380952
106.83 0.301587301587302 0.301587301587302 0.936507936507937
107.23 0.317460317460317 0.333333333333333 0.968253968253968
107.63 0.301587301587302 0.317460317460317 0.952380952380952
108.03 0.301587301587302 0.349206349206349 0.952380952380952
108.43 0.317460317460317 0.317460317460317 0.952380952380952
108.83 0.301587301587302 0.333333333333333 0.936507936507937
109.23 0.317460317460317 0.317460317460317 0.952380952380952
109.63 0.301587301587302 0.317460317460317 0.952380952380952
110.03 0.317460317460317 0.333333333333333 0.920634920634921
110.43 0.301587301587302 0.333333333333333 0.968253968253968
110.83 0.301587301587302 0.317460317460317 0.952380952380952
111.23 0.317460317460317 0.317460317460317 0.952380952380952
111.63 0.317460317460317 0.317460317460317 0.952380952380952
112.03 0.317460317460317 0.333333333333333 0.952380952380952
112.43 0.301587301587302 0.301587301587302 0.968253968253968
112.8 0.317460317460317 0.317460317460317 0.904761904761905
113.03 0.301587301587302 0.301587301587302 0.968253968253968
113.43 0.317460317460317 0.301587301587302 0.936507936507937
113.83 0.301587301587302 0.333333333333333 0.952380952380952
114.23 0.301587301587302 0.349206349206349 0.936507936507937
114.6 0.317460317460317 0.285714285714286 0.936507936507937
114.63 0.301587301587302 0.365079365079365 0.968253968253968
115.03 0.301587301587302 0.301587301587302 0.952380952380952
115.43 0.285714285714286 0.333333333333333 0.936507936507937
115.83 0.317460317460317 0.333333333333333 0.920634920634921
116.23 0.317460317460317 0.333333333333333 0.952380952380952
116.63 0.333333333333333 0.285714285714286 0.952380952380952
116.66 0.301587301587302 0.349206349206349 0.968253968253968
117.06 0.301587301587302 0.301587301587302 0.952380952380952
117.46 0.333333333333333 0.317460317460317 0.936507936507937
117.86 0.301587301587302 0.317460317460317 0.936507936507937
118.26 0.317460317460317 0.317460317460317 0.952380952380952
118.66 0.349206349206349 0.317460317460317 0.920634920634921
118.7 0.285714285714286 0.333333333333333 0.968253968253968
119.1 0.301587301587302 0.301587301587302 0.968253968253968
119.5 0.301587301587302 0.317460317460317 0.952380952380952
119.9 0.301587301587302 0.333333333333333 0.936507936507937
120.3 0.301587301587302 0.333333333333333 0.936507936507937
120.7 0.301587301587302 0.301587301587302 0.968253968253968
120.9 0.301587301587302 0.365079365079365 0.936507936507937
120.96 0.317460317460317 0.301587301587302 0.968253968253968
121.36 0.301587301587302 0.253968253968254 0.936507936507937
121.46 0.301587301587302 0.317460317460317 0.936507936507937
121.63 0.317460317460317 0.380952380952381 0.968253968253968
121.73 0.301587301587302 0.317460317460317 0.952380952380952
121.9 0.317460317460317 0.380952380952381 0.952380952380952
121.96 0.317460317460317 0.317460317460317 0.968253968253968
122.36 0.301587301587302 0.285714285714286 0.952380952380952
122.6 0.301587301587302 0.349206349206349 0.936507936507937
122.7 0.317460317460317 0.285714285714286 0.968253968253968
122.9 0.301587301587302 0.349206349206349 0.952380952380952
123.16 0.301587301587302 0.285714285714286 0.952380952380952
123.46 0.301587301587302 0.285714285714286 0.968253968253968
123.66 0.301587301587302 0.349206349206349 0.936507936507937
123.73 0.301587301587302 0.285714285714286 0.952380952380952
123.93 0.301587301587302 0.349206349206349 0.936507936507937
124.33 0.317460317460317 0.365079365079365 0.952380952380952
124.5 0.301587301587302 0.301587301587302 0.936507936507937
124.9 0.317460317460317 0.285714285714286 0.936507936507937
125.06 0.301587301587302 0.349206349206349 0.936507936507937
