15 22 46 678
15 22 53 225

6.599 0.19047619047619 -0.0952380952380952 1.01587301587302
6.999 0.19047619047619 -0.0634920634920635 1.03174603174603
7.399 0.222222222222222 -0.0952380952380952 1.03174603174603
7.799 0.206349206349206 -0.0634920634920635 1.01587301587302
8.199 0.206349206349206 -0.0634920634920635 1.06349206349206
8.299 0.206349206349206 -0.126984126984127 1.06349206349206
8.366 0.222222222222222 -0.0952380952380952 1
8.766 0.206349206349206 -0.0634920634920635 1.04761904761905
9.166 0.206349206349206 -0.0793650793650794 1.06349206349206
9.566 0.206349206349206 -0.0634920634920635 1.03174603174603
9.966 0.222222222222222 -0.0793650793650794 1.04761904761905
10.366 0.19047619047619 -0.0317460317460317 1.04761904761905
10.599 0.206349206349206 -0.0476190476190476 0.984126984126984
10.666 0.19047619047619 -0.0634920634920635 1.04761904761905
10.966 0.206349206349206 -0.126984126984127 1.03174603174603
11.266 0.206349206349206 -0.0634920634920635 1.03174603174603
11.666 0.222222222222222 -0.0793650793650794 1.03174603174603
12.066 0.19047619047619 -0.0793650793650794 1.01587301587302
12.466 0.206349206349206 -0.0634920634920635 1.03174603174603
12.866 0.19047619047619 -0.0793650793650794 1.03174603174603
13.266 0.19047619047619 -0.0793650793650794 1.03174603174603
13.666 0.206349206349206 -0.0793650793650794 1.03174603174603
14.066 0.206349206349206 -0.0952380952380952 1.03174603174603
14.466 0.206349206349206 -0.0793650793650794 1.01587301587302
14.866 0.206349206349206 -0.0952380952380952 1.01587301587302
15.266 0.206349206349206 -0.111111111111111 1.03174603174603
15.666 0.19047619047619 -0.0952380952380952 1.01587301587302
15.866 0.222222222222222 -0.0952380952380952 1.07936507936508
15.932 0.206349206349206 -0.0793650793650794 1
15.999 0.206349206349206 -0.0793650793650794 1.06349206349206
16.099 0.206349206349206 -0.0793650793650794 1
16.299 0.206349206349206 -0.0634920634920635 1.06349206349206
16.599 0.206349206349206 -0.0952380952380952 0.984126984126984
16.632 0.206349206349206 -0.0793650793650794 1.04761904761905
17.032 0.206349206349206 -0.0952380952380952 1.01587301587302
17.432 0.222222222222222 -0.0952380952380952 1.04761904761905
17.832 0.206349206349206 -0.0634920634920635 1.03174603174603
18.232 0.19047619047619 -0.0793650793650794 1.01587301587302
18.632 0.222222222222222 -0.0952380952380952 1.07936507936508
18.699 0.206349206349206 -0.111111111111111 1.01587301587302
18.832 0.222222222222222 -0.0952380952380952 1.07936507936508
18.865 0.19047619047619 -0.0793650793650794 1.01587301587302
18.999 0.222222222222222 -0.0793650793650794 1.07936507936508
19.065 0.222222222222222 -0.111111111111111 1.01587301587302
19.232 0.19047619047619 -0.0476190476190476 1.03174603174603
19.632 0.206349206349206 -0.0952380952380952 1
19.765 0.222222222222222 -0.0952380952380952 1.07936507936508
19.832 0.19047619047619 -0.0793650793650794 1
19.965 0.222222222222222 -0.0793650793650794 1.06349206349206
20.032 0.206349206349206 -0.0793650793650794 0.968253968253968
20.065 0.206349206349206 -0.0793650793650794 1.03174603174603
20.465 0.222222222222222 -0.0952380952380952 1.03174603174603
20.865 0.222222222222222 -0.0634920634920635 1.03174603174603
21.265 0.19047619047619 -0.0793650793650794 1.04761904761905
21.332 0.206349206349206 -0.0634920634920635 0.984126984126984
21.365 0.206349206349206 -0.0952380952380952 1.04761904761905
21.765 0.206349206349206 -0.0793650793650794 1.03174603174603
22.165 0.222222222222222 -0.0634920634920635 1.04761904761905
22.565 0.206349206349206 -0.0793650793650794 1.01587301587302
22.965 0.206349206349206 -0.0793650793650794 1.03174603174603
23.365 0.19047619047619 -0.0952380952380952 1.01587301587302
23.465 0.222222222222222 -0.0793650793650794 1.07936507936508
23.599 0.206349206349206 -0.0793650793650794 1.01587301587302
23.699 0.222222222222222 -0.111111111111111 0.904761904761905
23.732 0.206349206349206 -0.0317460317460317 0.984126984126984
23.765 0.222222222222222 -0.0476190476190476 0.841269841269841
23.799 0.238095238095238 -0.0793650793650794 0.761904761904762
23.832 0.222222222222222 -0.0793650793650794 1.01587301587302
23.865 0.206349206349206 -0.0634920634920635 1.26984126984127
23.899 0.222222222222222 -0.0793650793650794 1.01587301587302
23.932 0.238095238095238 -0.142857142857143 0.793650793650794
23.965 0.253968253968254 -0.158730158730159 0.984126984126984
23.999 0.222222222222222 -0.0952380952380952 1.31746031746032
24.032 0.19047619047619 -0.0158730158730159 1.15873015873016
24.065 0.253968253968254 -0.0793650793650794 0.73015873015873
24.099 0.238095238095238 -0.0476190476190476 0.984126984126984
24.132 0.238095238095238 -0.0634920634920635 0.746031746031746
24.165 0.253968253968254 -0.111111111111111 1.06349206349206
24.199 0.222222222222222 -0.0634920634920635 1.31746031746032
24.232 0.222222222222222 -0.0793650793650794 1.06349206349206
24.265 0.253968253968254 -0.111111111111111 0.777777777777778
24.299 0.26984126984127 -0.158730158730159 0.857142857142857
24.332 0.238095238095238 -0.111111111111111 1.23809523809524
24.365 0.206349206349206 -0.0317460317460317 1.3015873015873
24.399 0.238095238095238 0 0.952380952380952
24.432 0.253968253968254 -0.0634920634920635 0.73015873015873
24.465 0.253968253968254 -0.111111111111111 1.03174603174603
24.499 0.222222222222222 -0.0952380952380952 1.31746031746032
24.532 0.206349206349206 -0.0793650793650794 1.14285714285714
24.565 0.253968253968254 -0.0793650793650794 1.28571428571429
24.599 0.19047619047619 0.0158730158730159 1.23809523809524
24.632 0.238095238095238 0 0.825396825396825
24.699 0.238095238095238 -0.0952380952380952 1.19047619047619
24.732 0.206349206349206 -0.0793650793650794 1.28571428571429
24.765 0.222222222222222 -0.0634920634920635 0.952380952380952
24.799 0.238095238095238 -0.111111111111111 0.746031746031746
24.832 0.26984126984127 -0.111111111111111 0.952380952380952
24.865 0.253968253968254 -0.0952380952380952 1.28571428571429
24.898 0.19047619047619 -0.0317460317460317 1.20634920634921
24.932 0.222222222222222 -0.0634920634920635 0.857142857142857
24.965 0.253968253968254 -0.111111111111111 0.761904761904762
24.998 0.26984126984127 -0.126984126984127 0.936507936507937
25.032 0.222222222222222 -0.0634920634920635 1.28571428571429
25.065 0.206349206349206 -0.0158730158730159 0.952380952380952
25.098 0.222222222222222 -0.0952380952380952 1.26984126984127
25.165 0.222222222222222 -0.0793650793650794 0.936507936507937
25.198 0.26984126984127 -0.142857142857143 0.761904761904762
25.232 0.26984126984127 -0.158730158730159 0.920634920634921
25.265 0.238095238095238 -0.111111111111111 1.23809523809524
25.298 0.206349206349206 -0.0317460317460317 1.31746031746032
25.332 0.206349206349206 0 1.11111111111111
25.365 0.238095238095238 -0.0158730158730159 0.746031746031746
25.398 0.26984126984127 -0.0793650793650794 0.793650793650794
25.432 0.238095238095238 -0.111111111111111 1.11111111111111
25.465 0.222222222222222 -0.0952380952380952 1.31746031746032
25.498 0.222222222222222 -0.0634920634920635 1.19047619047619
25.532 0.238095238095238 -0.0952380952380952 0.825396825396825
25.565 0.26984126984127 -0.158730158730159 1.3015873015873
25.598 0.206349206349206 -0.0158730158730159 0.936507936507937
25.632 0.253968253968254 -0.0476190476190476 0.714285714285714
25.665 0.253968253968254 -0.0952380952380952 0.920634920634921
25.698 0.222222222222222 -0.0952380952380952 1.26984126984127
25.765 0.222222222222222 -0.0952380952380952 0.952380952380952
25.798 0.253968253968254 -0.126984126984127 0.73015873015873
25.832 0.26984126984127 -0.158730158730159 0.825396825396825
25.865 0.253968253968254 -0.158730158730159 1.15873015873016
25.898 0.222222222222222 -0.0476190476190476 1.33333333333333
25.932 0.19047619047619 0 1.19047619047619
25.965 0.222222222222222 0 0.841269841269841
25.998 0.26984126984127 -0.0634920634920635 0.761904761904762
26.032 0.253968253968254 -0.111111111111111 0.984126984126984
26.065 0.238095238095238 -0.0952380952380952 0.746031746031746
26.098 0.285714285714286 -0.174603174603175 0.888888888888889
26.132 0.222222222222222 -0.126984126984127 1.25396825396825
26.165 0.206349206349206 -0.0476190476190476 1.31746031746032
26.198 0.222222222222222 0 0.952380952380952
26.232 0.253968253968254 -0.0476190476190476 0.698412698412698
26.265 0.253968253968254 -0.0952380952380952 0.984126984126984
26.298 0.206349206349206 -0.0634920634920635 1.33333333333333
26.332 0.206349206349206 -0.0634920634920635 1.22222222222222
26.365 0.238095238095238 -0.0476190476190476 0.841269841269841
26.398 0.253968253968254 -0.142857142857143 0.746031746031746
26.432 0.26984126984127 -0.142857142857143 0.984126984126984
26.465 0.238095238095238 -0.0952380952380952 1.31746031746032
26.498 0.222222222222222 -0.0317460317460317 1.25396825396825
26.532 0.222222222222222 -0.0317460317460317 0.888888888888889
26.565 0.253968253968254 -0.0952380952380952 1.36507936507937
26.598 0.238095238095238 -0.0158730158730159 1.01587301587302
26.632 0.253968253968254 -0.0793650793650794 0.698412698412698
26.665 0.253968253968254 -0.111111111111111 0.841269841269841
26.698 0.253968253968254 -0.126984126984127 1.22222222222222
26.732 0.206349206349206 -0.0793650793650794 1.31746031746032
26.765 0.206349206349206 -0.0476190476190476 1.07936507936508
26.798 0.238095238095238 -0.0634920634920635 0.793650793650794
26.832 0.253968253968254 -0.142857142857143 0.73015873015873
26.865 0.253968253968254 -0.142857142857143 1.04761904761905
26.898 0.222222222222222 -0.0793650793650794 1.33333333333333
26.932 0.206349206349206 -0.0476190476190476 1.26984126984127
26.965 0.238095238095238 -0.0158730158730159 0.841269841269841
26.998 0.253968253968254 -0.0634920634920635 0.714285714285714
27.032 0.26984126984127 -0.0952380952380952 0.984126984126984
27.065 0.222222222222222 -0.0952380952380952 0.73015873015873
27.098 0.26984126984127 -0.142857142857143 0.888888888888889
27.132 0.222222222222222 -0.126984126984127 1.26984126984127
27.165 0.206349206349206 -0.0476190476190476 1.34920634920635
27.198 0.206349206349206 0 1.07936507936508
27.232 0.238095238095238 -0.0158730158730159 0.746031746031746
27.265 0.26984126984127 -0.0793650793650794 0.761904761904762
27.298 0.253968253968254 -0.126984126984127 1.12698412698413
27.332 0.222222222222222 -0.0952380952380952 1.34920634920635
27.365 0.206349206349206 -0.0634920634920635 1.20634920634921
27.398 0.238095238095238 -0.0793650793650794 0.857142857142857
27.432 0.26984126984127 -0.126984126984127 0.761904761904762
27.465 0.26984126984127 -0.158730158730159 0.888888888888889
27.498 0.253968253968254 -0.142857142857143 1.25396825396825
27.532 0.222222222222222 -0.0476190476190476 1.33333333333333
27.565 0.253968253968254 -0.126984126984127 1.06349206349206
27.598 0.238095238095238 -0.111111111111111 1.31746031746032
27.632 0.222222222222222 -0.0634920634920635 1.23809523809524
27.665 0.238095238095238 -0.0793650793650794 0.904761904761905
27.698 0.253968253968254 -0.126984126984127 0.73015873015873
27.732 0.26984126984127 -0.158730158730159 0.888888888888889
27.765 0.238095238095238 -0.142857142857143 1.19047619047619
27.798 0.19047619047619 -0.0476190476190476 1.34920634920635
27.832 0.19047619047619 0 1.17460317460317
27.865 0.238095238095238 -0.0158730158730159 0.793650793650794
27.932 0.253968253968254 -0.126984126984127 1.0952380952381
27.965 0.222222222222222 -0.0793650793650794 1.34920634920635
27.998 0.206349206349206 -0.0793650793650794 1.19047619047619
28.032 0.238095238095238 -0.111111111111111 0.841269841269841
28.065 0.253968253968254 -0.158730158730159 0.777777777777778
28.098 0.19047619047619 0.0158730158730159 1.04761904761905
28.132 0.253968253968254 -0.0158730158730159 0.746031746031746
28.198 0.253968253968254 -0.0952380952380952 1.06349206349206
28.232 0.222222222222222 -0.0952380952380952 1.31746031746032
28.265 0.206349206349206 -0.0793650793650794 1.23809523809524
28.298 0.222222222222222 -0.0793650793650794 0.888888888888889
28.332 0.253968253968254 -0.126984126984127 0.761904761904762
28.365 0.26984126984127 -0.174603174603175 0.888888888888889
28.398 0.253968253968254 -0.126984126984127 1.25396825396825
28.432 0.222222222222222 -0.0476190476190476 1.34920634920635
28.465 0.19047619047619 0 1.12698412698413
28.498 0.238095238095238 0.0158730158730159 0.793650793650794
28.532 0.253968253968254 -0.0634920634920635 0.73015873015873
28.565 0.253968253968254 -0.111111111111111 0.920634920634921
28.598 0.253968253968254 -0.142857142857143 0.73015873015873
28.632 0.26984126984127 -0.158730158730159 0.841269841269841
28.665 0.253968253968254 -0.158730158730159 1.19047619047619
28.698 0.206349206349206 -0.0476190476190476 1.36507936507937
28.732 0.19047619047619 0 1.20634920634921
28.765 0.238095238095238 0 0.841269841269841
28.798 0.238095238095238 0.0158730158730159 1
28.832 0.285714285714286 -0.174603174603175 1.06349206349206
28.865 0.253968253968254 -0.111111111111111 1.06349206349206
29.132 0.238095238095238 -0.0793650793650794 1
29.532 0.238095238095238 -0.0793650793650794 1.03174603174603
29.932 0.222222222222222 -0.0952380952380952 1.03174603174603
30.332 0.238095238095238 -0.0793650793650794 1
30.732 0.222222222222222 -0.0793650793650794 1.01587301587302
31.132 0.222222222222222 -0.0793650793650794 1.03174603174603
31.532 0.238095238095238 -0.0793650793650794 1.03174603174603
32.132 0.206349206349206 -0.0158730158730159 1.01587301587302
32.165 0.238095238095238 -0.0317460317460317 0.904761904761905
32.198 0.19047619047619 0.0317460317460317 1.61904761904762
32.232 0.301587301587302 -0.253968253968254 0.714285714285714
32.265 0.238095238095238 -0.0952380952380952 1.49206349206349
32.298 0.253968253968254 -0.111111111111111 0.888888888888889
32.332 0.301587301587302 0.0317460317460317 0.984126984126984
32.365 0.26984126984127 -0.253968253968254 0.888888888888889
32.398 0.222222222222222 -0.126984126984127 1.49206349206349
32.432 0.26984126984127 -0.0476190476190476 0.841269841269841
32.465 0.238095238095238 0.142857142857143 1.3015873015873
32.498 0.317460317460317 -0.19047619047619 0.523809523809524
32.532 0.206349206349206 -0.158730158730159 1.44444444444444
32.565 0.301587301587302 -0.19047619047619 1.20634920634921
32.598 0.238095238095238 0.0158730158730159 1.04761904761905
32.632 0.301587301587302 -0.0317460317460317 1.01587301587302
32.665 0.253968253968254 -0.19047619047619 0.841269841269841
32.698 0.253968253968254 -0.142857142857143 1.36507936507937
32.732 0.253968253968254 -0.0158730158730159 0.984126984126984
32.765 0.26984126984127 0.0793650793650794 1.15873015873016
32.798 0.301587301587302 -0.206349206349206 0.650793650793651
32.832 0.238095238095238 -0.174603174603175 1.38095238095238
32.865 0.26984126984127 -0.111111111111111 0.888888888888889
32.898 0.222222222222222 0.0952380952380952 1.38095238095238
32.932 0.317460317460317 -0.317460317460317 0.698412698412698
32.965 0.206349206349206 -0.0476190476190476 1.49206349206349
32.998 0.26984126984127 -0.0793650793650794 0.746031746031746
33.032 0.238095238095238 0.142857142857143 1.36507936507937
33.065 0.301587301587302 -0.0476190476190476 1.06349206349206
33.098 0.253968253968254 -0.158730158730159 0.857142857142857
33.132 0.26984126984127 -0.19047619047619 1.20634920634921
33.165 0.253968253968254 -0.0476190476190476 1.04761904761905
33.198 0.301587301587302 -0.0634920634920635 1.12698412698413
33.232 0.26984126984127 -0.238095238095238 0.920634920634921
33.265 0.26984126984127 -0.142857142857143 1.31746031746032
33.298 0.253968253968254 -0.0158730158730159 0.968253968253968
33.331 0.317460317460317 0 1.11111111111111
33.365 0.253968253968254 -0.19047619047619 0.80952380952381
33.398 0.253968253968254 -0.158730158730159 1.31746031746032
33.431 0.253968253968254 -0.0158730158730159 1
33.465 0.285714285714286 -0.0317460317460317 1.15873015873016
33.498 0.285714285714286 -0.19047619047619 0.857142857142857
33.531 0.285714285714286 -0.142857142857143 1.20634920634921
33.565 0.317460317460317 -0.142857142857143 1.03174603174603
33.598 0.19047619047619 0.0634920634920635 1.25396825396825
33.631 0.396825396825397 -0.174603174603175 0.666666666666667
33.665 0.158730158730159 -0.0317460317460317 1.11111111111111
33.698 0.317460317460317 -0.285714285714286 0.777777777777778
33.731 0.206349206349206 0.158730158730159 1.31746031746032
33.765 0.380952380952381 -0.285714285714286 0.603174603174603
33.798 0.174603174603175 -0.0476190476190476 1.17460317460317
33.831 0.317460317460317 -0.222222222222222 0.857142857142857
33.865 0.19047619047619 0.0952380952380952 1.36507936507937
33.898 0.396825396825397 -0.238095238095238 0.634920634920635
33.931 0.142857142857143 -0.0476190476190476 1.3015873015873
33.965 0.333333333333333 -0.174603174603175 0.841269841269841
33.998 0.174603174603175 0.158730158730159 1.41269841269841
34.031 0.174603174603175 0.238095238095238 1.49206349206349
34.065 0.380952380952381 -0.396825396825397 0.476190476190476
34.098 0.142857142857143 0.0158730158730159 1.52380952380952
34.131 0.317460317460317 -0.174603174603175 0.634920634920635
34.165 0.19047619047619 0.206349206349206 1.53968253968254
34.198 0.365079365079365 -0.380952380952381 0.523809523809524
34.231 0.126984126984127 0.0158730158730159 1.49206349206349
34.265 0.317460317460317 -0.126984126984127 0.698412698412698
34.298 0.19047619047619 0.238095238095238 1.42857142857143
34.331 0.380952380952381 -0.349206349206349 0.412698412698413
34.365 0.158730158730159 -0.0158730158730159 1.46031746031746
34.398 0.301587301587302 -0.206349206349206 0.698412698412698
34.431 0.222222222222222 0.222222222222222 1.42857142857143
34.465 0.365079365079365 -0.380952380952381 0.587301587301587
34.498 0.19047619047619 0.0158730158730159 1.46031746031746
34.531 0.26984126984127 -0.0476190476190476 1.33333333333333
34.565 0.253968253968254 -0.0634920634920635 1.01587301587302
34.598 0.317460317460317 0 1.07936507936508
34.631 0.253968253968254 -0.158730158730159 0.825396825396825
34.665 0.285714285714286 -0.206349206349206 1.11111111111111
34.698 0.26984126984127 0 1.14285714285714
34.731 0.333333333333333 -0.111111111111111 1
34.765 0.238095238095238 -0.206349206349206 1
34.798 0.285714285714286 -0.142857142857143 1.12698412698413
34.831 0.222222222222222 0 1.15873015873016
34.865 0.380952380952381 -0.111111111111111 0.857142857142857
34.898 0.19047619047619 -0.126984126984127 1.07936507936508
34.931 0.301587301587302 -0.142857142857143 1.03174603174603
34.965 0.238095238095238 0.0476190476190476 1.23809523809524
34.998 0.365079365079365 -0.19047619047619 0.761904761904762
35.031 0.396825396825397 -0.349206349206349 0.476190476190476
35.065 0.158730158730159 0.0158730158730159 1.44444444444444
35.098 0.317460317460317 -0.19047619047619 0.682539682539683
35.131 0.174603174603175 0.19047619047619 1.53968253968254
35.165 0.380952380952381 -0.333333333333333 0.492063492063492
35.198 0.111111111111111 0.0158730158730159 1.47619047619048
35.231 0.317460317460317 -0.206349206349206 0.619047619047619
35.265 0.206349206349206 0.26984126984127 1.44444444444444
35.298 0.396825396825397 -0.380952380952381 0.412698412698413
35.331 0.142857142857143 0.0158730158730159 1.36507936507937
35.365 0.333333333333333 -0.238095238095238 0.761904761904762
35.398 0.222222222222222 0.222222222222222 1.44444444444444
35.431 0.365079365079365 -0.380952380952381 0.587301587301587
35.465 0.174603174603175 0.0476190476190476 1.44444444444444
35.498 0.301587301587302 -0.158730158730159 0.777777777777778
35.531 0.301587301587302 -0.0952380952380952 1.07936507936508
35.565 0.317460317460317 -0.0158730158730159 1
35.598 0.301587301587302 -0.222222222222222 0.920634920634921
35.631 0.285714285714286 -0.126984126984127 1.12698412698413
35.698 0.349206349206349 -0.111111111111111 0.920634920634921
35.731 0.206349206349206 -0.222222222222222 1.12698412698413
35.765 0.317460317460317 -0.0952380952380952 1.04761904761905
35.798 0.206349206349206 0.0476190476190476 1.22222222222222
35.831 0.412698412698413 -0.222222222222222 0.619047619047619
35.865 0.174603174603175 -0.0634920634920635 1.20634920634921
35.898 0.317460317460317 -0.222222222222222 0.80952380952381
35.931 0.222222222222222 0.126984126984127 1.31746031746032
35.965 0.396825396825397 -0.333333333333333 0.53968253968254
35.998 0.365079365079365 -0.396825396825397 0.650793650793651
36.031 0.174603174603175 0.0634920634920635 1.41269841269841
36.065 0.317460317460317 -0.222222222222222 0.777777777777778
36.098 0.206349206349206 0.222222222222222 1.33333333333333
36.131 0.349206349206349 -0.412698412698413 0.650793650793651
36.165 0.158730158730159 0.0634920634920635 1.34920634920635
36.198 0.333333333333333 -0.253968253968254 0.793650793650794
36.231 0.238095238095238 0.222222222222222 1.26984126984127
36.265 0.349206349206349 -0.349206349206349 0.666666666666667
36.298 0.222222222222222 -0.0158730158730159 1.31746031746032
36.331 0.301587301587302 -0.206349206349206 0.952380952380952
36.365 0.285714285714286 0.0634920634920635 1.25396825396825
36.398 0.26984126984127 -0.349206349206349 0.968253968253968
36.431 0.285714285714286 0 1.25396825396825
36.465 0.253968253968254 -0.111111111111111 1.04761904761905
36.498 0.333333333333333 -0.0158730158730159 1
36.531 0.380952380952381 -0.285714285714286 0.571428571428571
36.565 0.174603174603175 -0.0317460317460317 1.25396825396825
36.598 0.333333333333333 -0.19047619047619 0.80952380952381
36.631 0.206349206349206 0.126984126984127 1.38095238095238
36.665 0.396825396825397 -0.333333333333333 0.555555555555556
36.698 0.142857142857143 0.0158730158730159 1.33333333333333
36.731 0.333333333333333 -0.206349206349206 0.714285714285714
36.765 0.174603174603175 0.206349206349206 1.44444444444444
36.798 0.380952380952381 -0.412698412698413 0.555555555555556
36.831 0.126984126984127 0.0793650793650794 1.33333333333333
36.865 0.333333333333333 -0.285714285714286 0.666666666666667
36.898 0.206349206349206 0.26984126984127 1.41269841269841
36.931 0.380952380952381 -0.412698412698413 0.523809523809524
36.965 0.206349206349206 0.0317460317460317 1.41269841269841
36.998 0.317460317460317 -0.222222222222222 1.25396825396825
37.031 0.238095238095238 -0.0793650793650794 1.07936507936508
37.065 0.365079365079365 -0.0634920634920635 0.857142857142857
37.098 0.238095238095238 -0.174603174603175 1.03174603174603
37.131 0.301587301587302 -0.174603174603175 0.952380952380952
37.165 0.26984126984127 0 1.20634920634921
37.198 0.365079365079365 -0.222222222222222 0.714285714285714
37.231 0.19047619047619 -0.111111111111111 1.17460317460317
37.265 0.349206349206349 -0.19047619047619 0.841269841269841
37.298 0.206349206349206 0.0634920634920635 1.31746031746032
37.331 0.317460317460317 -0.126984126984127 0.888888888888889
37.365 0.253968253968254 -0.0317460317460317 1.01587301587302
37.398 0.26984126984127 -0.111111111111111 0.984126984126984
37.431 0.285714285714286 -0.111111111111111 1.04761904761905
37.831 0.26984126984127 -0.111111111111111 1
38.231 0.26984126984127 -0.111111111111111 1.03174603174603
38.631 0.26984126984127 -0.111111111111111 1.01587301587302
39.031 0.26984126984127 -0.0952380952380952 1.01587301587302
39.431 0.26984126984127 -0.111111111111111 1.01587301587302
39.831 0.26984126984127 -0.111111111111111 1.03174603174603
40.231 0.26984126984127 -0.0952380952380952 1.03174603174603
40.598 0.285714285714286 -0.26984126984127 1.19047619047619
40.631 0.682539682539683 0.238095238095238 0.126984126984127
40.665 -0.158730158730159 -0.365079365079365 1.92063492063492
40.698 0.238095238095238 -0.507936507936508 0.777777777777778
40.731 0.682539682539683 -0.0158730158730159 0
40.765 0.412698412698413 0.46031746031746 0.698412698412698
40.798 -0.0317460317460317 -0.523809523809524 1.57142857142857
40.831 0.571428571428571 -0.492063492063492 0.777777777777778
40.865 0.634920634920635 0.365079365079365 0.650793650793651
40.898 -0.0793650793650794 -0.0634920634920635 2.01587301587302
40.931 0.396825396825397 -0.650793650793651 1.3015873015873
40.965 -0.126984126984127 0.206349206349206 1.88888888888889
40.998 0.26984126984127 -0.634920634920635 0.841269841269841
41.031 0.698412698412698 0.301587301587302 0
41.065 0 0.0476190476190476 1.85714285714286
41.098 0.380952380952381 -0.682539682539683 1.03174603174603
41.131 0.761904761904762 0.206349206349206 0.412698412698413
41.165 -0.0476190476190476 0.0158730158730159 2.01587301587302
41.198 0.365079365079365 -0.666666666666667 1.31746031746032
41.231 0.682539682539683 0.333333333333333 0.301587301587302
41.265 -0.142857142857143 0.0952380952380952 2.01587301587302
41.298 0.349206349206349 -0.603174603174603 1.01587301587302
41.331 0.603174603174603 0.46031746031746 -0.111111111111111
41.365 -0.126984126984127 -0.111111111111111 1.88888888888889
41.398 0.46031746031746 -0.53968253968254 0.587301587301587
41.431 0.507936507936508 -0.380952380952381 1.98412698412698
41.465 0.666666666666667 -0.428571428571429 0.904761904761905
41.498 0.317460317460317 0.523809523809524 1.15873015873016
41.531 -0.0158730158730159 -0.428571428571429 1.65079365079365
41.565 0.603174603174603 -0.111111111111111 0.53968253968254
41.598 0.0793650793650794 0.523809523809524 1.33333333333333
41.631 0.142857142857143 -0.650793650793651 1.15873015873016
41.664 0.682539682539683 0.253968253968254 -0.158730158730159
41.698 -0.0476190476190476 0.0476190476190476 1.79365079365079
41.731 0.428571428571429 -0.634920634920635 0.825396825396825
41.764 0.619047619047619 0.380952380952381 0.444444444444444
41.798 -0.0158730158730159 -0.365079365079365 2.01587301587302
41.831 0.650793650793651 -0.444444444444444 0.857142857142857
41.864 0.317460317460317 0.492063492063492 1.17460317460317
41.898 0 -0.523809523809524 1.68253968253968
41.931 0.111111111111111 0.428571428571429 1.25396825396825
41.964 0.238095238095238 -0.682539682539683 0.968253968253968
41.998 0.698412698412698 0.349206349206349 0.0952380952380952
42.031 -0.0158730158730159 -0.238095238095238 2.01587301587302
42.064 0.603174603174603 -0.53968253968254 0.80952380952381
42.098 0.46031746031746 0.46031746031746 1.11111111111111
42.131 -0.0317460317460317 -0.507936507936508 1.82539682539683
42.164 0.698412698412698 -0.111111111111111 0.571428571428571
42.198 -0.0317460317460317 0.396825396825397 1.80952380952381
42.231 0.238095238095238 -0.634920634920635 1.0952380952381
42.264 0.619047619047619 0.476190476190476 -0.126984126984127
42.298 -0.111111111111111 -0.174603174603175 1.80952380952381
42.331 0.53968253968254 -0.412698412698413 0.428571428571429
42.364 0.301587301587302 0.492063492063492 0.825396825396825
42.398 0.19047619047619 -0.698412698412698 1.31746031746032
42.431 -0.0476190476190476 0.222222222222222 2.01587301587302
42.464 0.349206349206349 -0.619047619047619 1.17460317460317
42.498 0.507936507936508 0.571428571428571 0.317460317460317
42.531 -0.111111111111111 -0.285714285714286 1.77777777777778
42.564 0.587301587301587 -0.238095238095238 0.333333333333333
42.598 0.158730158730159 0.428571428571429 1.12698412698413
42.631 0.26984126984127 -0.714285714285714 0.984126984126984
42.664 0.666666666666667 0.380952380952381 0.158730158730159
42.698 0 -0.349206349206349 2.01587301587302
42.731 0.698412698412698 -0.444444444444444 0.682539682539683
42.764 0.253968253968254 0.428571428571429 1.61904761904762
42.798 0.142857142857143 -0.650793650793651 1.53968253968254
42.831 0.73015873015873 0.222222222222222 0.174603174603175
42.864 -0.158730158730159 0.0793650793650794 2.01587301587302
42.898 0.46031746031746 0.555555555555556 0.285714285714286
42.931 0.0634920634920635 -0.603174603174603 1.42857142857143
42.964 0.793650793650794 -0.0158730158730159 0.26984126984127
42.998 0.0317460317460317 0.0634920634920635 2.01587301587302
43.031 0.492063492063492 -0.666666666666667 1.07936507936508
43.064 0.555555555555556 0.492063492063492 0.825396825396825
43.098 -0.0317460317460317 -0.444444444444444 1.87301587301587
43.131 0.634920634920635 -0.0634920634920635 0.444444444444444
43.164 -0.0634920634920635 0.428571428571429 1.74603174603175
43.198 0.317460317460317 -0.650793650793651 0.968253968253968
43.231 0.476190476190476 0.587301587301587 0.0476190476190476
43.264 0 -0.476190476190476 1.50793650793651
43.298 0.73015873015873 -0.0476190476190476 0.0952380952380952
43.331 0.0634920634920635 0.142857142857143 1.87301587301587
43.364 0.476190476190476 -0.666666666666667 1.06349206349206
43.398 -0.0952380952380952 -0.174603174603175 1.96825396825397
43.431 0.603174603174603 -0.238095238095238 0.650793650793651
43.464 0.111111111111111 0.523809523809524 1.26984126984127
43.498 0.222222222222222 -0.666666666666667 1.04761904761905
43.531 0.555555555555556 0.492063492063492 -0.0952380952380952
43.564 -0.0158730158730159 -0.412698412698413 1.68253968253968
43.598 0.73015873015873 -0.222222222222222 0.253968253968254
43.631 0.142857142857143 0.206349206349206 1.82539682539683
43.664 0.412698412698413 -0.666666666666667 1.17460317460317
43.698 0.682539682539683 0.396825396825397 0.73015873015873
43.731 -0.0634920634920635 -0.365079365079365 1.96825396825397
43.764 0.650793650793651 -0.158730158730159 0.634920634920635
43.798 -0.0476190476190476 0.396825396825397 1.85714285714286
43.831 0.333333333333333 -0.634920634920635 0.984126984126984
43.864 0.476190476190476 -0.476190476190476 1.71428571428571
43.898 0.761904761904762 -0.19047619047619 0.365079365079365
43.931 0.0793650793650794 0.206349206349206 2
43.964 0.412698412698413 -0.682539682539683 1.17460317460317
43.998 0.587301587301587 0.46031746031746 0.73015873015873
44.031 -0.0476190476190476 -0.412698412698413 1.84126984126984
44.064 0.666666666666667 -0.0476190476190476 0.380952380952381
44.098 -0.0793650793650794 0.333333333333333 1.82539682539683
44.131 0.349206349206349 -0.634920634920635 0.904761904761905
44.164 0.428571428571429 0.571428571428571 0.238095238095238
44.198 0.0634920634920635 -0.619047619047619 1.31746031746032
44.231 0.746031746031746 0.206349206349206 0.0476190476190476
44.264 -0.0158730158730159 -0.19047619047619 2.01587301587302
44.298 0.634920634920635 -0.476190476190476 0.714285714285714
44.331 0.333333333333333 0.428571428571429 1.50793650793651
44.364 0.158730158730159 0.126984126984127 0.111111111111111
44.398 -0.126984126984127 0.111111111111111 1.9047619047619
44.431 0.46031746031746 -0.523809523809524 0.698412698412698
44.464 0.285714285714286 0.507936507936508 0.698412698412698
44.498 0.253968253968254 -0.714285714285714 1.03174603174603
44.531 0.682539682539683 0.365079365079365 0.19047619047619
44.564 0.0158730158730159 -0.412698412698413 2
44.598 0.746031746031746 -0.317460317460317 0.492063492063492
44.631 0.0634920634920635 0.26984126984127 1.98412698412698
44.664 0.349206349206349 -0.650793650793651 1.28571428571429
44.698 0.523809523809524 0.555555555555556 0.634920634920635
44.731 -0.0317460317460317 -0.46031746031746 1.6031746031746
44.764 0.682539682539683 0.0634920634920635 0.0634920634920635
44.798 -0.0793650793650794 0.158730158730159 1.88888888888889
44.831 0.46031746031746 -0.523809523809524 0.682539682539683
44.864 0.142857142857143 -0.603174603174603 1.66666666666667
44.898 0.80952380952381 0.0952380952380952 0.412698412698413
44.931 -0.0793650793650794 -0.0634920634920635 2.01587301587302
44.964 0.555555555555556 -0.412698412698413 0.920634920634921
44.998 0.111111111111111 0.571428571428571 1.46031746031746
45.031 0.19047619047619 -0.666666666666667 1.19047619047619
45.064 0.587301587301587 0.523809523809524 -0.0634920634920635
45.098 -0.0317460317460317 -0.396825396825397 1.61904761904762
45.131 0.698412698412698 -0.0317460317460317 -0.0476190476190476
45.164 0 0.0476190476190476 1.87301587301587
45.198 0.571428571428571 -0.555555555555556 0.666666666666667
45.231 0.349206349206349 0.380952380952381 1.31746031746032
45.264 0.26984126984127 -0.682539682539683 1.3968253968254
45.298 0.746031746031746 0.317460317460317 0.46031746031746
45.331 -0.0793650793650794 -0.317460317460317 0.682539682539683
45.364 0.206349206349206 0.507936507936508 0.936507936507937
45.398 0.285714285714286 -0.73015873015873 0.936507936507937
45.431 0.507936507936508 0.523809523809524 0.26984126984127
45.464 0.126984126984127 -0.666666666666667 1.46031746031746
45.498 0.80952380952381 0.174603174603175 0.26984126984127
45.531 -0.0158730158730159 -0.206349206349206 2.01587301587302
45.564 0.666666666666667 -0.428571428571429 0.793650793650794
45.598 0.0952380952380952 0.412698412698413 1.76190476190476
45.631 0.301587301587302 -0.682539682539683 1.23809523809524
45.664 0.492063492063492 0.634920634920635 0.46031746031746
45.698 -0.0317460317460317 -0.428571428571429 1.61904761904762
45.731 0.682539682539683 0.19047619047619 -0.142857142857143
45.764 -0.0952380952380952 -0.0634920634920635 1.92063492063492
45.798 0.603174603174603 -0.396825396825397 0.285714285714286
45.831 0.253968253968254 -0.682539682539683 1.44444444444444
45.864 0.206349206349206 0.317460317460317 1.12698412698413
45.898 0.0793650793650794 -0.19047619047619 1.28571428571429
45.931 0.26984126984127 0 1.0952380952381
45.964 0.301587301587302 -0.174603174603175 0.904761904761905
45.998 0.365079365079365 -0.111111111111111 1.03174603174603
46.398 0.333333333333333 -0.0952380952380952 1.03174603174603
46.798 0.333333333333333 -0.111111111111111 1.03174603174603
47.198 0.333333333333333 -0.111111111111111 1
47.598 0.333333333333333 -0.0952380952380952 1.03174603174603
47.998 0.333333333333333 -0.0952380952380952 1.03174603174603
48.398 0.333333333333333 -0.0952380952380952 1.04761904761905
48.498 0.317460317460317 -0.0793650793650794 0.984126984126984
48.898 0.333333333333333 -0.0952380952380952 1.01587301587302
49.131 0.317460317460317 -0.0793650793650794 0.936507936507937
49.164 0.333333333333333 -0.0952380952380952 1
49.198 0.333333333333333 -0.0634920634920635 0.936507936507937
49.231 0.349206349206349 -0.126984126984127 1.04761904761905
49.264 0.333333333333333 -0.111111111111111 1.11111111111111
49.364 0.333333333333333 -0.0634920634920635 0.952380952380952
49.431 0.333333333333333 -0.142857142857143 1.11111111111111
49.498 0.317460317460317 -0.0634920634920635 0.936507936507937
49.531 0.349206349206349 -0.0952380952380952 1.01587301587302
49.564 0.333333333333333 -0.0952380952380952 1.14285714285714
49.598 0.317460317460317 -0.0476190476190476 1
49.631 0.349206349206349 -0.0793650793650794 0.888888888888889
49.664 0.349206349206349 -0.142857142857143 1.07936507936508
49.731 0.333333333333333 -0.0793650793650794 0.952380952380952
49.764 0.349206349206349 -0.0634920634920635 1.04761904761905
49.798 0.333333333333333 -0.0317460317460317 0.888888888888889
49.831 0.349206349206349 -0.111111111111111 1.03174603174603
49.864 0.333333333333333 -0.0952380952380952 1.12698412698413
49.898 0.349206349206349 -0.0634920634920635 0.968253968253968
49.931 0.349206349206349 -0.111111111111111 0.904761904761905
49.964 0.365079365079365 -0.142857142857143 1.0952380952381
50.031 0.317460317460317 -0.0476190476190476 0.904761904761905
50.064 0.365079365079365 -0.126984126984127 0.952380952380952
50.097 0.333333333333333 -0.158730158730159 1.11111111111111
50.131 0.333333333333333 -0.0793650793650794 1.07936507936508
50.164 0.333333333333333 -0.0634920634920635 0.888888888888889
50.197 0.365079365079365 -0.111111111111111 1.04761904761905
50.231 0.333333333333333 -0.0952380952380952 1.12698412698413
50.331 0.317460317460317 -0.0793650793650794 0.936507936507937
50.397 0.349206349206349 -0.142857142857143 1.07936507936508
50.464 0.333333333333333 -0.0634920634920635 0.888888888888889
50.497 0.365079365079365 -0.0952380952380952 1.03174603174603
50.531 0.333333333333333 -0.0793650793650794 1.14285714285714
50.564 0.333333333333333 -0.0793650793650794 0.968253968253968
50.631 0.365079365079365 -0.158730158730159 1.07936507936508
50.697 0.333333333333333 -0.0317460317460317 0.920634920634921
50.731 0.349206349206349 -0.111111111111111 1
50.764 0.333333333333333 -0.0476190476190476 0.904761904761905
50.797 0.365079365079365 -0.0793650793650794 1.03174603174603
50.831 0.333333333333333 -0.0952380952380952 1.12698412698413
50.864 0.333333333333333 -0.0634920634920635 0.968253968253968
50.897 0.333333333333333 -0.111111111111111 0.904761904761905
50.931 0.365079365079365 -0.174603174603175 1.07936507936508
50.964 0.333333333333333 -0.111111111111111 1.0952380952381
50.997 0.333333333333333 -0.0476190476190476 0.904761904761905
51.064 0.349206349206349 -0.142857142857143 1.12698412698413
51.097 0.317460317460317 -0.0793650793650794 1.04761904761905
51.131 0.317460317460317 -0.0476190476190476 0.904761904761905
51.164 0.349206349206349 -0.0952380952380952 1
51.197 0.333333333333333 -0.0952380952380952 1.12698412698413
51.231 0.365079365079365 -0.174603174603175 1.04761904761905
51.264 0.333333333333333 -0.126984126984127 1.12698412698413
51.297 0.333333333333333 -0.0634920634920635 0.968253968253968
51.331 0.349206349206349 -0.0793650793650794 0.904761904761905
51.364 0.333333333333333 -0.111111111111111 1.12698412698413
51.431 0.333333333333333 -0.0634920634920635 0.888888888888889
51.464 0.365079365079365 -0.0952380952380952 0.968253968253968
51.497 0.349206349206349 -0.111111111111111 1.14285714285714
51.531 0.333333333333333 -0.0793650793650794 1.01587301587302
51.564 0.333333333333333 -0.0793650793650794 0.888888888888889
51.597 0.349206349206349 -0.142857142857143 0.984126984126984
51.631 0.333333333333333 -0.142857142857143 1.12698412698413
51.664 0.333333333333333 -0.0793650793650794 0.968253968253968
51.697 0.333333333333333 -0.0634920634920635 0.873015873015873
51.764 0.365079365079365 -0.0952380952380952 0.952380952380952
51.797 0.349206349206349 -0.111111111111111 1.12698412698413
51.831 0.333333333333333 -0.0952380952380952 1.04761904761905
51.864 0.333333333333333 -0.0793650793650794 0.873015873015873
51.897 0.349206349206349 -0.142857142857143 0.968253968253968
51.931 0.349206349206349 -0.158730158730159 1.11111111111111
51.964 0.317460317460317 -0.0952380952380952 1.03174603174603
51.997 0.333333333333333 -0.0476190476190476 0.888888888888889
52.031 0.349206349206349 -0.0952380952380952 1.04761904761905
52.064 0.333333333333333 -0.0952380952380952 1.14285714285714
52.097 0.333333333333333 -0.0634920634920635 0.936507936507937
52.164 0.349206349206349 -0.111111111111111 1.06349206349206
52.197 0.349206349206349 -0.111111111111111 0.936507936507937
52.231 0.349206349206349 -0.158730158730159 1.11111111111111
52.264 0.333333333333333 -0.0793650793650794 1.04761904761905
52.297 0.333333333333333 -0.0476190476190476 0.888888888888889
52.331 0.349206349206349 -0.0952380952380952 1.03174603174603
52.364 0.349206349206349 -0.111111111111111 1.12698412698413
52.397 0.333333333333333 -0.0476190476190476 0.984126984126984
52.431 0.333333333333333 -0.111111111111111 0.888888888888889
52.464 0.349206349206349 -0.126984126984127 1.03174603174603
52.497 0.333333333333333 -0.111111111111111 1.12698412698413
52.531 0.333333333333333 -0.0634920634920635 0.984126984126984
52.564 0.333333333333333 -0.0952380952380952 0.873015873015873
52.597 0.349206349206349 -0.142857142857143 1.04761904761905
52.631 0.333333333333333 -0.111111111111111 1.11111111111111
52.664 0.333333333333333 -0.0476190476190476 0.920634920634921
52.697 0.333333333333333 -0.0634920634920635 1.03174603174603
52.731 0.333333333333333 -0.0952380952380952 0.888888888888889
52.764 0.365079365079365 -0.158730158730159 1.03174603174603
52.797 0.349206349206349 -0.142857142857143 1.12698412698413
52.831 0.333333333333333 -0.0634920634920635 0.984126984126984
52.864 0.349206349206349 -0.0793650793650794 0.888888888888889
52.897 0.365079365079365 -0.142857142857143 1.03174603174603
52.931 0.333333333333333 -0.126984126984127 1.12698412698413
52.964 0.333333333333333 -0.0634920634920635 0.984126984126984
52.997 0.349206349206349 -0.0634920634920635 0.888888888888889
53.031 0.349206349206349 -0.111111111111111 1.14285714285714
53.097 0.317460317460317 -0.0634920634920635 0.904761904761905
53.131 0.365079365079365 -0.158730158730159 0.952380952380952
53.164 0.349206349206349 -0.0634920634920635 0.873015873015873
53.197 0.349206349206349 -0.111111111111111 1.03174603174603
53.231 0.333333333333333 -0.111111111111111 1.12698412698413
53.264 0.317460317460317 -0.0476190476190476 0.968253968253968
53.297 0.349206349206349 -0.0952380952380952 0.904761904761905
53.331 0.349206349206349 -0.111111111111111 1.06349206349206
53.397 0.317460317460317 -0.0793650793650794 0.936507936507937
53.464 0.349206349206349 -0.174603174603175 1.07936507936508
53.497 0.333333333333333 -0.0952380952380952 1.07936507936508
53.531 0.317460317460317 -0.0476190476190476 0.904761904761905
53.564 0.349206349206349 -0.111111111111111 0.968253968253968
53.597 0.333333333333333 -0.111111111111111 1.12698412698413
53.631 0.333333333333333 -0.0793650793650794 1.04761904761905
53.664 0.333333333333333 -0.0952380952380952 1.12698412698413
53.697 0.333333333333333 -0.0634920634920635 1
53.731 0.333333333333333 -0.111111111111111 0.873015873015873
53.764 0.349206349206349 -0.158730158730159 1
53.797 0.349206349206349 -0.142857142857143 1.11111111111111
53.831 0.333333333333333 -0.0476190476190476 0.968253968253968
53.864 0.349206349206349 -0.0793650793650794 0.873015873015873
53.897 0.365079365079365 -0.126984126984127 1.11111111111111
53.964 0.333333333333333 -0.0476190476190476 0.904761904761905
54.031 0.349206349206349 -0.126984126984127 1.11111111111111
54.097 0.317460317460317 -0.0952380952380952 0.904761904761905
54.197 0.365079365079365 -0.0952380952380952 1.03174603174603
54.231 0.349206349206349 -0.111111111111111 1.14285714285714
54.264 0.317460317460317 -0.0476190476190476 0.984126984126984
54.297 0.349206349206349 -0.0952380952380952 0.888888888888889
54.331 0.365079365079365 -0.142857142857143 1.03174603174603
54.397 0.333333333333333 -0.0634920634920635 1
54.531 0.333333333333333 -0.126984126984127 1
54.931 0.349206349206349 -0.111111111111111 1.03174603174603
55.331 0.333333333333333 -0.0793650793650794 1
55.731 0.349206349206349 -0.0952380952380952 1
56.131 0.349206349206349 -0.0952380952380952 1
56.531 0.349206349206349 -0.0793650793650794 1.01587301587302
56.931 0.317460317460317 -0.0952380952380952 1
57.331 0.349206349206349 -0.111111111111111 1
57.597 0.317460317460317 -0.0793650793650794 1.06349206349206
57.631 0.349206349206349 -0.0952380952380952 0.984126984126984
57.697 0.333333333333333 -0.0634920634920635 0.904761904761905
57.864 0.349206349206349 -0.111111111111111 0.968253968253968
57.897 0.333333333333333 -0.111111111111111 1.06349206349206
57.931 0.333333333333333 -0.0634920634920635 0.968253968253968
57.964 0.317460317460317 -0.0793650793650794 1.03174603174603
57.997 0.349206349206349 -0.126984126984127 0.968253968253968
58.031 0.333333333333333 -0.0634920634920635 0.968253968253968
58.064 0.317460317460317 -0.0952380952380952 1.03174603174603
58.231 0.333333333333333 -0.0793650793650794 0.968253968253968
58.397 0.365079365079365 -0.142857142857143 1
58.43 0.317460317460317 -0.0793650793650794 1.01587301587302
58.83 0.333333333333333 -0.0952380952380952 1.01587301587302
59.23 0.349206349206349 -0.0952380952380952 1.06349206349206
59.264 0.333333333333333 -0.111111111111111 0.984126984126984
59.497 0.349206349206349 -0.0952380952380952 1.06349206349206
59.597 0.333333333333333 -0.0952380952380952 0.968253968253968
59.664 0.349206349206349 -0.158730158730159 1.01587301587302
59.73 0.333333333333333 -0.0952380952380952 1.01587301587302
60.13 0.333333333333333 -0.111111111111111 1
60.53 0.349206349206349 -0.126984126984127 1.03174603174603
60.93 0.333333333333333 -0.126984126984127 0.984126984126984
61.06 0.301587301587302 -0.0476190476190476 1
61.13 0.349206349206349 -0.111111111111111 1.03174603174603
61.53 0.333333333333333 -0.111111111111111 1
61.93 0.349206349206349 -0.0952380952380952 1.04761904761905
62.13 0.333333333333333 -0.158730158730159 1.01587301587302
62.16 0.333333333333333 -0.0952380952380952 1.01587301587302
62.46 0.333333333333333 -0.158730158730159 1.01587301587302
62.53 0.333333333333333 -0.0793650793650794 1.01587301587302
62.93 0.349206349206349 -0.111111111111111 0.952380952380952
62.96 0.349206349206349 -0.142857142857143 1.07936507936508
63 0.333333333333333 -0.0793650793650794 0.968253968253968
63.3 0.333333333333333 -0.0952380952380952 1.03174603174603
63.7 0.333333333333333 -0.111111111111111 1.01587301587302
64.1 0.349206349206349 -0.111111111111111 1
64.5 0.333333333333333 -0.0952380952380952 0.984126984126984
64.9 0.333333333333333 -0.111111111111111 1.03174603174603
65.3 0.349206349206349 -0.111111111111111 1.01587301587302
65.7 0.349206349206349 -0.0793650793650794 1
66.1 0.301587301587302 -0.111111111111111 0.952380952380952
66.23 0.365079365079365 -0.0793650793650794 1.01587301587302
66.3 0.349206349206349 -0.126984126984127 1.07936507936508
66.33 0.349206349206349 -0.126984126984127 0.952380952380952
66.36 0.317460317460317 -0.0634920634920635 0.984126984126984
66.4 0.333333333333333 -0.0793650793650794 1.0952380952381
66.5 0.349206349206349 -0.142857142857143 1.04761904761905
66.53 0.365079365079365 -0.158730158730159 0.984126984126984
66.6 0.317460317460317 -0.0952380952380952 0.936507936507937
66.66 0.349206349206349 -0.0476190476190476 1
66.7 0.365079365079365 -0.0634920634920635 1.07936507936508
66.8 0.365079365079365 -0.142857142857143 0.968253968253968
66.83 0.349206349206349 -0.0793650793650794 0.984126984126984
66.86 0.349206349206349 -0.0793650793650794 1.06349206349206
66.96 0.365079365079365 -0.142857142857143 1.07936507936508
67.03 0.349206349206349 -0.142857142857143 0.984126984126984
67.1 0.333333333333333 -0.0952380952380952 0.904761904761905
67.2 0.333333333333333 -0.0476190476190476 0.984126984126984
67.23 0.349206349206349 -0.0793650793650794 1.07936507936508
67.26 0.365079365079365 -0.0952380952380952 1.14285714285714
67.3 0.365079365079365 -0.158730158730159 1.07936507936508
67.33 0.317460317460317 -0.0317460317460317 0.936507936507937
67.36 0.333333333333333 -0.0634920634920635 1.06349206349206
67.43 0.349206349206349 -0.126984126984127 1.12698412698413
67.53 0.349206349206349 -0.126984126984127 0.952380952380952
67.63 0.349206349206349 -0.0634920634920635 0.952380952380952
67.66 0.333333333333333 -0.0793650793650794 1.01587301587302
67.73 0.365079365079365 -0.0952380952380952 1.11111111111111
67.8 0.365079365079365 -0.158730158730159 1.07936507936508
67.83 0.349206349206349 -0.0634920634920635 1.06349206349206
67.93 0.349206349206349 -0.126984126984127 1.0952380952381
68 0.333333333333333 -0.158730158730159 1.03174603174603
68.03 0.333333333333333 -0.142857142857143 0.952380952380952
68.06 0.333333333333333 -0.0952380952380952 0.888888888888889
68.16 0.349206349206349 -0.0634920634920635 1.03174603174603
68.2 0.349206349206349 -0.0793650793650794 1.0952380952381
68.26 0.349206349206349 -0.142857142857143 1.07936507936508
68.3 0.349206349206349 -0.142857142857143 0.952380952380952
68.33 0.349206349206349 -0.0952380952380952 1.0952380952381
68.4 0.365079365079365 -0.158730158730159 1.07936507936508
68.43 0.349206349206349 -0.158730158730159 1.01587301587302
68.46 0.333333333333333 -0.126984126984127 0.920634920634921
68.56 0.333333333333333 -0.0476190476190476 1
68.6 0.333333333333333 -0.0793650793650794 1.07936507936508
68.7 0.349206349206349 -0.142857142857143 1.0952380952381
68.73 0.333333333333333 -0.142857142857143 1
68.76 0.333333333333333 -0.0952380952380952 0.920634920634921
68.8 0.333333333333333 -0.0634920634920635 1.0952380952381
68.83 0.349206349206349 -0.142857142857143 1.07936507936508
68.86 0.365079365079365 -0.126984126984127 0.984126984126984
68.9 0.333333333333333 -0.126984126984127 0.888888888888889
68.96 0.317460317460317 -0.0634920634920635 0.936507936507937
69.03 0.349206349206349 -0.0793650793650794 1.04761904761905
69.1 0.365079365079365 -0.174603174603175 1.06349206349206
69.13 0.349206349206349 -0.174603174603175 0.968253968253968
69.16 0.349206349206349 -0.111111111111111 0.936507936507937
69.26 0.349206349206349 -0.0634920634920635 1.03174603174603
69.3 0.333333333333333 -0.142857142857143 0.952380952380952
69.33 0.317460317460317 -0.0793650793650794 0.952380952380952
69.4 0.333333333333333 -0.0793650793650794 1.03174603174603
69.43 0.365079365079365 -0.0793650793650794 1.0952380952381
69.5 0.349206349206349 -0.142857142857143 1.06349206349206
69.56 0.333333333333333 -0.142857142857143 0.936507936507937
69.63 0.317460317460317 -0.0634920634920635 0.888888888888889
69.66 0.317460317460317 -0.0476190476190476 0.952380952380952
69.7 0.349206349206349 -0.0476190476190476 1.03174603174603
69.73 0.349206349206349 -0.0476190476190476 0.936507936507937
69.8 0.317460317460317 -0.0476190476190476 1
69.83 0.333333333333333 -0.0634920634920635 1.0952380952381
69.9 0.365079365079365 -0.174603174603175 1.0952380952381
69.93 0.349206349206349 -0.174603174603175 1
69.96 0.349206349206349 -0.142857142857143 0.936507936507937
70.03 0.333333333333333 -0.0634920634920635 0.968253968253968
70.06 0.365079365079365 -0.0634920634920635 1.04761904761905
70.13 0.365079365079365 -0.111111111111111 1.11111111111111
70.2 0.349206349206349 -0.142857142857143 1.04761904761905
70.23 0.349206349206349 -0.126984126984127 0.920634920634921
70.26 0.380952380952381 -0.126984126984127 1.11111111111111
70.33 0.333333333333333 -0.126984126984127 1
70.4 0.333333333333333 -0.0952380952380952 0.904761904761905
70.46 0.317460317460317 -0.0476190476190476 1
70.5 0.333333333333333 -0.0634920634920635 1.07936507936508
70.56 0.365079365079365 -0.142857142857143 1.11111111111111
70.6 0.349206349206349 -0.158730158730159 1.03174603174603
70.63 0.349206349206349 -0.142857142857143 0.952380952380952
70.7 0.349206349206349 -0.0634920634920635 0.968253968253968
70.76 0.349206349206349 -0.111111111111111 0.888888888888889
70.83 0.349206349206349 -0.0793650793650794 0.952380952380952
70.86 0.365079365079365 -0.0952380952380952 1.01587301587302
70.9 0.349206349206349 -0.111111111111111 1.0952380952381
71 0.349206349206349 -0.111111111111111 0.968253968253968
71.06 0.317460317460317 -0.0634920634920635 0.904761904761905
71.13 0.333333333333333 -0.0634920634920635 1.03174603174603
71.16 0.349206349206349 -0.0793650793650794 1.0952380952381
71.2 0.317460317460317 -0.0317460317460317 0.904761904761905
71.23 0.333333333333333 -0.0317460317460317 0.968253968253968
71.26 0.349206349206349 -0.0634920634920635 1.04761904761905
71.3 0.349206349206349 -0.111111111111111 1.11111111111111
71.33 0.349206349206349 -0.142857142857143 1.04761904761905
71.4 0.333333333333333 -0.142857142857143 0.920634920634921
71.46 0.317460317460317 -0.0793650793650794 0.904761904761905
71.5 0.333333333333333 -0.142857142857143 1.01587301587302
71.9 0.333333333333333 -0.0952380952380952 1
72.3 0.333333333333333 -0.111111111111111 1.01587301587302
72.7 0.349206349206349 -0.0952380952380952 0.984126984126984
73.1 0.349206349206349 -0.0952380952380952 1.01587301587302
73.5 0.333333333333333 -0.111111111111111 0.984126984126984
73.9 0.333333333333333 -0.0952380952380952 1.01587301587302
74.3 0.349206349206349 -0.0952380952380952 1.01587301587302
74.7 0.349206349206349 -0.111111111111111 1.01587301587302
75.1 0.333333333333333 -0.111111111111111 1.01587301587302
75.5 0.349206349206349 -0.0952380952380952 1
75.9 0.333333333333333 -0.0952380952380952 1
76.3 0.333333333333333 -0.0952380952380952 1
76.7 0.349206349206349 -0.126984126984127 0.984126984126984
77.1 0.333333333333333 -0.126984126984127 1.04761904761905
77.13 0.333333333333333 -0.0952380952380952 0.984126984126984
77.53 0.349206349206349 -0.111111111111111 0.984126984126984
77.93 0.333333333333333 -0.111111111111111 0.984126984126984
78.13 0.349206349206349 -0.111111111111111 1.04761904761905
78.2 0.349206349206349 -0.0952380952380952 0.968253968253968
78.3 0.349206349206349 -0.111111111111111 1.06349206349206
78.36 0.333333333333333 -0.0952380952380952 1
78.76 0.349206349206349 -0.0952380952380952 1.03174603174603
79.16 0.349206349206349 -0.111111111111111 1.01587301587302
79.26 0.349206349206349 -0.111111111111111 0.936507936507937
79.3 0.349206349206349 -0.111111111111111 1
79.7 0.333333333333333 -0.0952380952380952 1.01587301587302
80.1 0.333333333333333 -0.126984126984127 1.01587301587302
80.5 0.349206349206349 -0.111111111111111 1.01587301587302
80.9 0.333333333333333 -0.126984126984127 1
81.3 0.333333333333333 -0.111111111111111 1
81.7 0.333333333333333 -0.0952380952380952 1
82.1 0.349206349206349 -0.0952380952380952 1
82.5 0.333333333333333 -0.0952380952380952 1.01587301587302
82.9 0.333333333333333 -0.111111111111111 1.01587301587302
83.3 0.349206349206349 -0.0952380952380952 1.01587301587302
83.7 0.380952380952381 -0.111111111111111 1.01587301587302
84.1 0.333333333333333 -0.111111111111111 1
84.5 0.333333333333333 -0.0952380952380952 1
84.9 0.349206349206349 -0.111111111111111 1
85.3 0.349206349206349 -0.111111111111111 1.01587301587302
85.7 0.349206349206349 -0.126984126984127 1
86.1 0.349206349206349 -0.126984126984127 1
86.5 0.333333333333333 -0.0952380952380952 0.984126984126984
86.9 0.333333333333333 -0.0793650793650794 0.984126984126984
87.3 0.349206349206349 -0.111111111111111 1.01587301587302
87.7 0.349206349206349 -0.111111111111111 1.03174603174603
88.1 0.333333333333333 -0.0952380952380952 0.984126984126984
88.5 0.349206349206349 -0.111111111111111 1
88.9 0.349206349206349 -0.111111111111111 1.01587301587302
89.3 0.349206349206349 -0.126984126984127 1.01587301587302
89.7 0.333333333333333 -0.111111111111111 1.01587301587302
90.1 0.333333333333333 -0.111111111111111 1.01587301587302
90.5 0.333333333333333 -0.126984126984127 1.03174603174603
90.9 0.333333333333333 -0.111111111111111 1
91.3 0.349206349206349 -0.111111111111111 1.01587301587302
91.7 0.349206349206349 -0.126984126984127 0.984126984126984
91.76 0.317460317460317 -0.0634920634920635 0.984126984126984
91.86 0.349206349206349 -0.126984126984127 1.04761904761905
92 0.349206349206349 -0.0952380952380952 0.984126984126984
92.4 0.333333333333333 -0.0793650793650794 1.01587301587302
92.53 0.349206349206349 -0.142857142857143 1.01587301587302
92.73 0.333333333333333 -0.111111111111111 0.952380952380952
92.76 0.333333333333333 -0.0952380952380952 1.01587301587302
93.03 0.349206349206349 -0.0793650793650794 0.952380952380952
93.06 0.333333333333333 -0.0793650793650794 1.01587301587302
93.3 0.365079365079365 -0.142857142857143 1.03174603174603
93.4 0.333333333333333 -0.0793650793650794 1
93.53 0.333333333333333 -0.142857142857143 1
93.56 0.349206349206349 -0.0793650793650794 1.01587301587302
93.66 0.349206349206349 -0.158730158730159 1
93.76 0.333333333333333 -0.0952380952380952 0.984126984126984
94.16 0.333333333333333 -0.0634920634920635 1
94.26 0.349206349206349 -0.126984126984127 1.01587301587302
94.4 0.333333333333333 -0.0634920634920635 1
94.5 0.349206349206349 -0.126984126984127 1.01587301587302
94.9 0.349206349206349 -0.142857142857143 1.01587301587302
95.03 0.333333333333333 -0.0634920634920635 1.01587301587302
95.23 0.365079365079365 -0.126984126984127 1.04761904761905
95.26 0.333333333333333 -0.142857142857143 0.984126984126984
95.4 0.349206349206349 -0.0793650793650794 1.01587301587302
95.63 0.333333333333333 -0.142857142857143 1
95.76 0.349206349206349 -0.0793650793650794 1.01587301587302
95.86 0.365079365079365 -0.142857142857143 1.03174603174603
95.96 0.333333333333333 -0.0793650793650794 0.984126984126984
96.16 0.365079365079365 -0.0952380952380952 1.06349206349206
96.2 0.349206349206349 -0.126984126984127 1
96.6 0.333333333333333 -0.142857142857143 1.01587301587302
96.76 0.349206349206349 -0.0793650793650794 1.01587301587302
96.83 0.349206349206349 -0.142857142857143 1.03174603174603
96.93 0.349206349206349 -0.0952380952380952 0.968253968253968
97 0.349206349206349 -0.0793650793650794 1.03174603174603
97.23 0.349206349206349 -0.0952380952380952 0.968253968253968
97.36 0.333333333333333 -0.111111111111111 1.03174603174603
97.76 0.333333333333333 -0.0952380952380952 1.01587301587302
98.16 0.333333333333333 -0.0952380952380952 0.984126984126984
98.56 0.349206349206349 -0.0952380952380952 1
98.96 0.349206349206349 -0.126984126984127 1.01587301587302
99.36 0.333333333333333 -0.111111111111111 0.984126984126984
99.76 0.333333333333333 -0.0952380952380952 1.01587301587302
100.16 0.333333333333333 -0.111111111111111 1
100.56 0.333333333333333 -0.126984126984127 1.01587301587302
100.96 0.349206349206349 -0.0634920634920635 1.01587301587302
101 0.349206349206349 -0.126984126984127 1
101.4 0.349206349206349 -0.0793650793650794 1
101.8 0.365079365079365 -0.0793650793650794 1
102.2 0.333333333333333 -0.0793650793650794 1.01587301587302
102.6 0.349206349206349 -0.0952380952380952 1.01587301587302
103 0.349206349206349 -0.111111111111111 1.01587301587302
103.4 0.333333333333333 -0.0793650793650794 1.04761904761905
103.83 0.333333333333333 -0.0793650793650794 1
104.23 0.333333333333333 -0.126984126984127 1.01587301587302
104.63 0.365079365079365 -0.111111111111111 1
105.03 0.333333333333333 -0.0952380952380952 1.01587301587302
105.43 0.333333333333333 -0.111111111111111 1
105.83 0.333333333333333 -0.111111111111111 1
106.23 0.333333333333333 -0.0952380952380952 1
106.63 0.349206349206349 -0.111111111111111 1.03174603174603
107.03 0.333333333333333 -0.0952380952380952 0.984126984126984
107.43 0.349206349206349 -0.0952380952380952 1.01587301587302
107.83 0.333333333333333 -0.111111111111111 1
108.23 0.349206349206349 -0.111111111111111 1.01587301587302
108.63 0.349206349206349 -0.0952380952380952 1
109.03 0.365079365079365 -0.0952380952380952 1.01587301587302
109.43 0.349206349206349 -0.0952380952380952 1.01587301587302
109.83 0.349206349206349 -0.0952380952380952 1.01587301587302
110.23 0.349206349206349 -0.111111111111111 1
110.63 0.333333333333333 -0.0793650793650794 0.984126984126984
111.03 0.349206349206349 -0.0952380952380952 1.01587301587302
111.43 0.349206349206349 -0.111111111111111 1.01587301587302
111.83 0.333333333333333 -0.0952380952380952 0.984126984126984
112.23 0.333333333333333 -0.0793650793650794 1.01587301587302
112.63 0.365079365079365 -0.111111111111111 1.03174603174603
113.03 0.333333333333333 -0.111111111111111 1.03174603174603
113.43 0.349206349206349 -0.0793650793650794 1.01587301587302
113.83 0.349206349206349 -0.111111111111111 1.03174603174603
114.23 0.333333333333333 -0.111111111111111 1.03174603174603
114.63 0.317460317460317 -0.0952380952380952 0.984126984126984
115.03 0.349206349206349 -0.0952380952380952 1.01587301587302
115.43 0.333333333333333 -0.111111111111111 1
115.83 0.349206349206349 -0.111111111111111 1
116.23 0.349206349206349 -0.111111111111111 1.01587301587302
116.63 0.349206349206349 -0.0952380952380952 1
117.03 0.365079365079365 -0.0952380952380952 1
117.43 0.349206349206349 -0.0793650793650794 0.984126984126984
117.83 0.349206349206349 -0.0952380952380952 1.01587301587302
118.23 0.349206349206349 -0.142857142857143 1
118.63 0.349206349206349 -0.0793650793650794 1
119.03 0.333333333333333 -0.126984126984127 1
119.43 0.333333333333333 -0.0952380952380952 1.03174603174603
119.5 0.349206349206349 -0.142857142857143 0.968253968253968
119.56 0.349206349206349 -0.111111111111111 1.03174603174603
119.96 0.333333333333333 -0.0793650793650794 0.984126984126984
120.06 0.349206349206349 -0.126984126984127 1.04761904761905
120.26 0.349206349206349 -0.0634920634920635 1
120.53 0.333333333333333 -0.126984126984127 1
120.93 0.333333333333333 -0.111111111111111 1.01587301587302
121.33 0.333333333333333 -0.126984126984127 1
121.73 0.349206349206349 -0.0952380952380952 0.984126984126984
