15 26 47 240
15 26 50 740

3.599 0.126984126984127 0.126984126984127 1.04761904761905
3.633 -0.158730158730159 -0.0476190476190476 1.23809523809524
3.666 -0.238095238095238 0.0158730158730159 2.01587301587302
3.699 0.126984126984127 0.650793650793651 2
3.733 -0.349206349206349 -0.0476190476190476 1.85714285714286
3.766 0.619047619047619 0.333333333333333 -0.555555555555556
3.799 -0.380952380952381 0.206349206349206 2.01587301587302
3.833 0.603174603174603 0.26984126984127 -0.222222222222222
3.866 -0.365079365079365 -0.0952380952380952 1.92063492063492
3.899 0.555555555555556 0.412698412698413 0.761904761904762
3.933 -0.19047619047619 -0.111111111111111 1.85714285714286
3.966 0.349206349206349 0.412698412698413 1.20634920634921
3.999 -0.0317460317460317 -0.206349206349206 1.46031746031746
4.033 0.206349206349206 0.492063492063492 1.14285714285714
4.066 0.206349206349206 -0.126984126984127 0.603174603174603
4.099 0 -0.142857142857143 0.714285714285714
4.133 -0.0317460317460317 0.476190476190476 1.77777777777778
4.166 0.444444444444444 -0.0476190476190476 0.365079365079365
4.199 -0.238095238095238 0.19047619047619 2.01587301587302
4.233 0.619047619047619 0.19047619047619 0.492063492063492
4.266 -0.317460317460317 0 2.01587301587302
4.299 0.634920634920635 0.396825396825397 0.253968253968254
4.333 -0.333333333333333 -0.0793650793650794 2
4.366 0.365079365079365 0.53968253968254 0.523809523809524
4.399 0.0476190476190476 -0.126984126984127 0.650793650793651
4.433 -0.0634920634920635 0.46031746031746 1.63492063492063
4.466 0.507936507936508 0.0317460317460317 -0.412698412698413
4.499 -0.365079365079365 0.158730158730159 2.01587301587302
4.533 0.619047619047619 0.349206349206349 0.301587301587302
4.566 -0.301587301587302 -0.174603174603175 1.6984126984127
4.599 0.285714285714286 0.507936507936508 2.01587301587302
4.633 0.444444444444444 0.523809523809524 0.349206349206349
4.666 -0.0158730158730159 -0.111111111111111 0.793650793650794
4.699 -0.0952380952380952 0.444444444444444 1.66666666666667
4.733 0.571428571428571 0.0952380952380952 -0.428571428571429
4.766 -0.396825396825397 0.0634920634920635 2.01587301587302
4.799 0.555555555555556 0.46031746031746 0.492063492063492
4.833 -0.158730158730159 -0.19047619047619 1.36507936507937
4.866 0.0793650793650794 0.444444444444444 1.68253968253968
4.899 0.476190476190476 -0.0634920634920635 0.73015873015873
4.933 -0.285714285714286 0.206349206349206 2.01587301587302
4.966 0.666666666666667 0.285714285714286 -0.111111111111111
4.999 -0.396825396825397 -0.0158730158730159 2.01587301587302
5.033 0.412698412698413 0.555555555555556 0.53968253968254
5.066 0.0952380952380952 -0.142857142857143 0.428571428571429
5.099 -0.174603174603175 -0.158730158730159 0.714285714285714
5.133 -0.142857142857143 0.317460317460317 1.95238095238095
5.166 0.634920634920635 0.158730158730159 0.507936507936508
5.199 -0.349206349206349 -0.0317460317460317 2.01587301587302
5.233 0.507936507936508 0.46031746031746 0.444444444444444
5.266 -0.0952380952380952 -0.174603174603175 1.44444444444444
5.299 0.0158730158730159 0.476190476190476 1.41269841269841
5.333 0.53968253968254 0.0158730158730159 -0.46031746031746
5.366 -0.46031746031746 0.158730158730159 2.01587301587302
5.399 0.603174603174603 0.46031746031746 -0.0317460317460317
5.433 -0.174603174603175 -0.126984126984127 1.17460317460317
5.466 0.0476190476190476 0.492063492063492 1.71428571428571
5.499 0.476190476190476 -0.0158730158730159 0.492063492063492
5.533 -0.333333333333333 0.0952380952380952 2.01587301587302
5.566 -0.380952380952381 0.238095238095238 2.01587301587302
5.599 0.682539682539683 0.412698412698413 -0.396825396825397
5.633 -0.301587301587302 -0.111111111111111 1.50793650793651
5.666 0.174603174603175 0.53968253968254 1.3015873015873
5.699 0.444444444444444 -0.0158730158730159 -0.0952380952380952
5.733 -0.333333333333333 0.174603174603175 2.01587301587302
5.766 0.587301587301587 0.396825396825397 0.603174603174603
5.799 -0.222222222222222 -0.174603174603175 1.6984126984127
5.833 0.126984126984127 0.444444444444444 1.49206349206349
5.866 0.428571428571429 -0.0634920634920635 0.619047619047619
5.899 -0.333333333333333 0.174603174603175 1.98412698412698
5.933 0.682539682539683 0.380952380952381 -0.412698412698413
5.966 -0.365079365079365 -0.0634920634920635 1.92063492063492
5.999 0.238095238095238 0.555555555555556 1.06349206349206
6.033 0.396825396825397 -0.0634920634920635 -0.126984126984127
6.066 -0.365079365079365 0.238095238095238 2.01587301587302
6.099 -0.317460317460317 0.126984126984127 2.01587301587302
6.133 0.666666666666667 0.349206349206349 0.476190476190476
6.166 -0.222222222222222 -0.174603174603175 1.79365079365079
6.199 0.19047619047619 0.492063492063492 0.952380952380952
6.233 0.412698412698413 -0.0476190476190476 -0.0158730158730159
6.266 -0.396825396825397 0.222222222222222 2.01587301587302
6.299 0.634920634920635 0.444444444444444 -0.26984126984127
6.333 -0.238095238095238 -0.142857142857143 1.25396825396825
6.366 0.0317460317460317 0.555555555555556 1.65079365079365
6.399 0.523809523809524 0.0317460317460317 0.142857142857143
6.433 -0.333333333333333 0.0476190476190476 1.98412698412698
6.466 0.53968253968254 0.444444444444444 0.873015873015873
6.499 -0.0476190476190476 -0.206349206349206 1.57142857142857
6.533 0 0.365079365079365 1.49206349206349
6.566 0.571428571428571 0.0952380952380952 0.0158730158730159
6.599 0.603174603174603 0.111111111111111 -0.428571428571429
6.633 -0.412698412698413 0.0158730158730159 1.95238095238095
6.666 0.444444444444444 0.53968253968254 0.841269841269841
6.699 0.111111111111111 -0.158730158730159 0.80952380952381
6.733 -0.174603174603175 0.317460317460317 1.88888888888889
6.766 0.634920634920635 0.206349206349206 0.46031746031746
6.799 -0.333333333333333 -0.111111111111111 2.01587301587302
6.833 0.396825396825397 0.492063492063492 0.619047619047619
6.866 0.158730158730159 -0.111111111111111 0.761904761904762
6.899 -0.26984126984127 0.349206349206349 1.95238095238095
6.933 0.666666666666667 0.285714285714286 -0.492063492063492
6.966 -0.412698412698413 -0.0634920634920635 1.84126984126984
6.999 0.285714285714286 0.555555555555556 1.07936507936508
7.033 0.365079365079365 -0.0793650793650794 1.49206349206349
7.066 -0.317460317460317 0.222222222222222 0.634920634920635
7.099 -0.333333333333333 0.206349206349206 2.01587301587302
7.133 0.666666666666667 0.380952380952381 -0.206349206349206
7.166 -0.301587301587302 -0.0952380952380952 1.79365079365079
7.199 0.142857142857143 0.53968253968254 1.28571428571429
7.233 0.492063492063492 -0.0158730158730159 -0.301587301587302
7.266 -0.412698412698413 0.158730158730159 2.01587301587302
7.299 0.571428571428571 0.476190476190476 0.222222222222222
7.333 -0.0793650793650794 -0.158730158730159 0.952380952380952
7.366 -0.0793650793650794 0.46031746031746 1.85714285714286
7.399 0.571428571428571 0.126984126984127 0.523809523809524
7.433 -0.380952380952381 0 2.01587301587302
7.466 0.380952380952381 0.555555555555556 0.920634920634921
7.499 0.0952380952380952 -0.0952380952380952 1
7.533 -0.238095238095238 0.317460317460317 1.71428571428571
7.566 0.634920634920635 0.396825396825397 1.77777777777778
7.599 0.523809523809524 0.365079365079365 0.126984126984127
7.633 -0.0952380952380952 -0.0476190476190476 1.11111111111111
7.666 -0.222222222222222 0.317460317460317 1.71428571428571
7.699 0.603174603174603 0.412698412698413 0.619047619047619
7.733 -0.317460317460317 -0.0158730158730159 1.92063492063492
7.766 0.0317460317460317 0.428571428571429 1.15873015873016
7.799 0.523809523809524 0.126984126984127 -0.0634920634920635
7.833 -0.428571428571429 0.0634920634920635 2.01587301587302
7.866 0.158730158730159 0.555555555555556 1.0952380952381
7.899 0.46031746031746 0.0158730158730159 -0.26984126984127
7.933 -0.46031746031746 0.142857142857143 1.92063492063492
7.966 0.301587301587302 0.555555555555556 0.888888888888889
7.999 0.412698412698413 0.0476190476190476 0.380952380952381
8.033 -0.412698412698413 0.0634920634920635 1.77777777777778
8.066 0.26984126984127 0.0793650793650794 2.01587301587302
8.099 0.333333333333333 0.53968253968254 0.571428571428571
8.133 0.380952380952381 0 -0.126984126984127
8.166 -0.492063492063492 0.158730158730159 2.01587301587302
8.199 0.333333333333333 0.53968253968254 0.777777777777778
8.233 0.428571428571429 0.0158730158730159 0.0634920634920635
8.266 -0.428571428571429 0.142857142857143 1.79365079365079
8.299 0.349206349206349 0.571428571428571 1.04761904761905
8.333 0.238095238095238 0 1.01587301587302
8.366 -0.428571428571429 0.19047619047619 1.9047619047619
8.399 0.396825396825397 0.476190476190476 0.634920634920635
8.432 0.19047619047619 -0.0317460317460317 0.777777777777778
8.466 -0.428571428571429 0.253968253968254 1.95238095238095
8.499 0.634920634920635 0.428571428571429 -0.222222222222222
8.532 0.349206349206349 0.571428571428571 0.888888888888889
8.566 0.365079365079365 0 0.53968253968254
8.599 -0.412698412698413 0.126984126984127 1.82539682539683
8.632 0.285714285714286 0.555555555555556 1.11111111111111
8.666 0.412698412698413 0.111111111111111 0.825396825396825
8.699 0.0476190476190476 0.301587301587302 0.650793650793651
8.732 0.0476190476190476 0.349206349206349 0.904761904761905
8.766 0.0158730158730159 0.26984126984127 0.968253968253968
9.066 0.0476190476190476 0.238095238095238 1.03174603174603
9.466 0.0317460317460317 0.26984126984127 0.984126984126984
9.866 0.0476190476190476 0.26984126984127 1
10.266 0.0476190476190476 0.253968253968254 1
10.666 0.0476190476190476 0.253968253968254 1
11.066 0.0476190476190476 0.253968253968254 0.984126984126984
11.466 0.0476190476190476 0.253968253968254 1
11.866 0.0476190476190476 0.238095238095238 0.984126984126984
12.166 0.111111111111111 0.238095238095238 0.857142857142857
12.199 0.0158730158730159 0.317460317460317 0.952380952380952
12.232 0.0634920634920635 0.238095238095238 1.12698412698413
12.266 0 0.317460317460317 0.873015873015873
12.299 0.0793650793650794 0.222222222222222 1.17460317460317
12.332 -0.0158730158730159 0.301587301587302 0.904761904761905
12.366 0.0952380952380952 0.19047619047619 1.19047619047619
12.399 -0.0158730158730159 0.26984126984127 0.968253968253968
12.432 0.0793650793650794 0.19047619047619 1.11111111111111
12.466 0.0158730158730159 0.26984126984127 0.968253968253968
12.499 0.0952380952380952 0.222222222222222 0.984126984126984
12.532 0 0.301587301587302 0.984126984126984
12.566 0.111111111111111 0.222222222222222 0.968253968253968
12.599 -0.0158730158730159 0.26984126984127 0.936507936507937
12.632 0.0952380952380952 0.238095238095238 1.0952380952381
12.666 0.0476190476190476 0.253968253968254 0.904761904761905
12.699 0.0634920634920635 0.206349206349206 1.17460317460317
12.732 0.0317460317460317 0.285714285714286 0.920634920634921
12.766 0.0634920634920635 0.206349206349206 1.14285714285714
12.799 0.0476190476190476 0.349206349206349 0.857142857142857
12.832 0.0476190476190476 0.222222222222222 1.12698412698413
12.866 0.0317460317460317 0.349206349206349 0.80952380952381
12.899 0.0476190476190476 0.222222222222222 1.17460317460317
12.932 0 0.333333333333333 0.857142857142857
12.966 0.0634920634920635 0.253968253968254 1.22222222222222
12.999 0 0.317460317460317 0.904761904761905
13.032 0.111111111111111 0.174603174603175 1.22222222222222
13.066 0 0.285714285714286 0.968253968253968
13.099 0.0634920634920635 0.19047619047619 1.0952380952381
13.132 0.0317460317460317 0.285714285714286 0.841269841269841
13.166 0.0158730158730159 0.222222222222222 1.06349206349206
13.199 0.0793650793650794 0.253968253968254 0.714285714285714
13.232 0.0317460317460317 0.222222222222222 1.12698412698413
13.266 0.0476190476190476 0.301587301587302 0.841269841269841
13.299 0.0476190476190476 0.222222222222222 1.26984126984127
13.332 0.0158730158730159 0.301587301587302 0.920634920634921
13.366 0.0634920634920635 0.19047619047619 1.22222222222222
13.399 0.0158730158730159 0.349206349206349 0.936507936507937
13.432 0.0634920634920635 0.19047619047619 1.15873015873016
13.466 0.0317460317460317 0.333333333333333 0.888888888888889
13.499 0.0793650793650794 0.222222222222222 1.07936507936508
13.532 0.0158730158730159 0.301587301587302 0.952380952380952
13.566 0.0952380952380952 0.238095238095238 1.04761904761905
13.599 0 0.285714285714286 0.952380952380952
13.632 0.0634920634920635 0.19047619047619 1.20634920634921
13.666 0.0158730158730159 0.301587301587302 0.920634920634921
13.699 0.0476190476190476 0.19047619047619 1.20634920634921
13.732 0.0158730158730159 0.349206349206349 0.825396825396825
13.766 0.0634920634920635 0.222222222222222 1.15873015873016
13.799 0.0158730158730159 0.349206349206349 0.825396825396825
13.832 0.0793650793650794 0.238095238095238 1.20634920634921
13.866 -0.0158730158730159 0.333333333333333 0.873015873015873
13.899 0.0793650793650794 0.206349206349206 1.17460317460317
13.932 0.0158730158730159 0.285714285714286 0.936507936507937
13.966 0.0952380952380952 0.19047619047619 1.07936507936508
13.999 0.0158730158730159 0.26984126984127 1
14.032 0.0952380952380952 0.238095238095238 0.968253968253968
14.066 0.0317460317460317 0.206349206349206 1.07936507936508
14.099 0.0793650793650794 0.285714285714286 0.873015873015873
14.132 0.0317460317460317 0.349206349206349 0.825396825396825
14.166 0.0476190476190476 0.253968253968254 1.25396825396825
14.199 0 0.317460317460317 0.873015873015873
14.232 0.0952380952380952 0.174603174603175 1.20634920634921
14.266 0 0.285714285714286 0.952380952380952
14.299 0.0793650793650794 0.206349206349206 1.06349206349206
14.366 0.0952380952380952 0.253968253968254 0.904761904761905
14.399 0.0317460317460317 0.222222222222222 1.06349206349206
14.432 0.0793650793650794 0.301587301587302 0.825396825396825
14.466 0.0158730158730159 0.222222222222222 1.07936507936508
14.499 0.0952380952380952 0.301587301587302 0.73015873015873
14.532 0.0317460317460317 0.206349206349206 1.15873015873016
14.566 0.0317460317460317 0.333333333333333 0.857142857142857
14.599 0.0634920634920635 0.238095238095238 0.952380952380952
14.632 0.0952380952380952 0.206349206349206 1.03174603174603
14.666 0.0158730158730159 0.285714285714286 1.06349206349206
14.699 0.0793650793650794 0.238095238095238 0.904761904761905
14.732 0.0158730158730159 0.253968253968254 1.04761904761905
14.766 0.111111111111111 0.285714285714286 0.793650793650794
14.799 0.0317460317460317 0.222222222222222 1.04761904761905
14.832 0.0793650793650794 0.285714285714286 0.80952380952381
14.866 0.0476190476190476 0.238095238095238 1.20634920634921
14.899 0 0.301587301587302 0.904761904761905
14.932 0.0793650793650794 0.19047619047619 1.31746031746032
14.966 0 0.333333333333333 0.920634920634921
14.999 0.0952380952380952 0.206349206349206 1.14285714285714
15.032 0.0317460317460317 0.301587301587302 0.936507936507937
15.066 0.0793650793650794 0.238095238095238 1
15.099 0.111111111111111 0.26984126984127 0.746031746031746
15.132 0.0476190476190476 0.238095238095238 1.14285714285714
15.166 0.0317460317460317 0.317460317460317 0.841269841269841
15.199 0.0793650793650794 0.19047619047619 1.28571428571429
15.232 0 0.317460317460317 0.984126984126984
15.266 0.0952380952380952 0.206349206349206 1.19047619047619
15.299 0.0317460317460317 0.333333333333333 0.904761904761905
15.332 0.0793650793650794 0.222222222222222 1.03174603174603
15.366 0 0.317460317460317 0.968253968253968
15.399 0.111111111111111 0.222222222222222 0.984126984126984
15.432 0.0158730158730159 0.26984126984127 1
15.466 0.111111111111111 0.253968253968254 0.825396825396825
15.499 0.0317460317460317 0.238095238095238 1.01587301587302
15.532 0.0634920634920635 0.238095238095238 0.825396825396825
15.566 0.0476190476190476 0.206349206349206 1.22222222222222
15.599 0.0158730158730159 0.206349206349206 1.12698412698413
15.632 0.0158730158730159 0.333333333333333 0.936507936507937
15.666 0.0793650793650794 0.238095238095238 1.03174603174603
15.699 0 0.301587301587302 0.936507936507937
15.732 0.111111111111111 0.222222222222222 0.904761904761905
15.766 0.0158730158730159 0.253968253968254 0.952380952380952
15.799 0.0793650793650794 0.238095238095238 0.857142857142857
15.832 0.0317460317460317 0.253968253968254 1.12698412698413
15.866 0.0158730158730159 0.285714285714286 0.920634920634921
15.899 0.0793650793650794 0.19047619047619 1.23809523809524
15.932 0 0.317460317460317 0.936507936507937
15.966 0.0634920634920635 0.206349206349206 1.12698412698413
15.999 0.0317460317460317 0.365079365079365 0.936507936507937
16.032 0.0952380952380952 0.238095238095238 1.03174603174603
16.066 0 0.301587301587302 0.936507936507937
16.099 0.0952380952380952 0.253968253968254 1.06349206349206
16.132 0.0317460317460317 0.285714285714286 0.873015873015873
16.166 0.0793650793650794 0.19047619047619 1.23809523809524
16.199 0 0.333333333333333 0.952380952380952
16.232 0.0634920634920635 0.206349206349206 1.14285714285714
16.266 0.0158730158730159 0.349206349206349 0.920634920634921
16.299 0.0634920634920635 0.253968253968254 1.0952380952381
16.332 0 0.301587301587302 0.936507936507937
16.366 0.111111111111111 0.222222222222222 1.01587301587302
16.399 0.0158730158730159 0.26984126984127 0.968253968253968
16.432 0.111111111111111 0.206349206349206 0.873015873015873
16.466 0.0317460317460317 0.238095238095238 1.07936507936508
16.499 0.0317460317460317 0.285714285714286 0.857142857142857
16.532 0.0634920634920635 0.19047619047619 1.25396825396825
16.566 0.0952380952380952 0.238095238095238 1.06349206349206
16.599 0 0.333333333333333 0.984126984126984
16.632 0.111111111111111 0.222222222222222 0.968253968253968
16.666 0.0158730158730159 0.253968253968254 0.968253968253968
16.699 0.111111111111111 0.253968253968254 0.80952380952381
16.732 0.0317460317460317 0.222222222222222 1.06349206349206
16.765 0.0317460317460317 0.317460317460317 0.841269841269841
16.799 0.0634920634920635 0.174603174603175 1.28571428571429
16.832 -0.0158730158730159 0.333333333333333 0.984126984126984
16.865 0.0793650793650794 0.222222222222222 1.17460317460317
16.899 0.0158730158730159 0.301587301587302 0.952380952380952
16.932 0.0952380952380952 0.238095238095238 1.01587301587302
16.965 0 0.301587301587302 1.03174603174603
16.999 0.0952380952380952 0.253968253968254 0.873015873015873
17.032 0 0.253968253968254 1.03174603174603
17.065 0.0952380952380952 0.301587301587302 0.793650793650794
17.099 -0.0158730158730159 0.333333333333333 0.968253968253968
17.132 0.0952380952380952 0.222222222222222 1.12698412698413
17.165 0.0158730158730159 0.301587301587302 0.968253968253968
17.199 0.0476190476190476 0.206349206349206 1.06349206349206
17.232 0.0317460317460317 0.285714285714286 0.968253968253968
17.632 0.0476190476190476 0.253968253968254 1
18.032 0.0476190476190476 0.26984126984127 1
18.432 0.0317460317460317 0.285714285714286 0.984126984126984
18.832 0.0476190476190476 0.26984126984127 1
19.232 0.0634920634920635 0.26984126984127 1
19.632 0.0317460317460317 0.26984126984127 1
20.032 0.0476190476190476 0.26984126984127 1.01587301587302
20.432 0.0476190476190476 0.253968253968254 1.01587301587302
20.832 0.0476190476190476 0.26984126984127 1
21.232 0.0476190476190476 0.26984126984127 1
21.632 0.0634920634920635 0.26984126984127 1.01587301587302
22.032 0.0476190476190476 0.26984126984127 1.03174603174603
22.432 0.0476190476190476 0.26984126984127 1.01587301587302
22.832 0.0476190476190476 0.253968253968254 1
23.232 0.0476190476190476 0.253968253968254 0.984126984126984
23.632 0.0476190476190476 0.26984126984127 1.01587301587302
24.032 0.0476190476190476 0.26984126984127 0.984126984126984
24.432 0.0476190476190476 0.253968253968254 1.01587301587302
24.832 0.0476190476190476 0.26984126984127 0.984126984126984
25.232 0.0476190476190476 0.26984126984127 1.01587301587302
25.632 0.0634920634920635 0.285714285714286 0.968253968253968
26.032 0.0317460317460317 0.26984126984127 1
26.432 0.0476190476190476 0.253968253968254 1.01587301587302
26.832 0.0476190476190476 0.26984126984127 1.03174603174603
27.098 0.0317460317460317 0.285714285714286 0.968253968253968
27.498 0.0317460317460317 0.253968253968254 1.01587301587302
27.898 0.0317460317460317 0.253968253968254 0.984126984126984
28.298 0.0476190476190476 0.26984126984127 0.984126984126984
28.698 0.0317460317460317 0.26984126984127 0.984126984126984
29.098 0.0317460317460317 0.253968253968254 0.984126984126984
29.498 0.0476190476190476 0.253968253968254 0.984126984126984
29.898 0.0476190476190476 0.26984126984127 1.01587301587302
30.165 0.0476190476190476 0.222222222222222 0.952380952380952
30.198 0.0317460317460317 0.301587301587302 1
30.298 0.0476190476190476 0.238095238095238 1.01587301587302
30.332 0.0158730158730159 0.301587301587302 0.984126984126984
30.465 0.0317460317460317 0.238095238095238 0.984126984126984
30.898 0.0476190476190476 0.301587301587302 1
30.932 0.0317460317460317 0.238095238095238 0.984126984126984
30.965 0.0634920634920635 0.301587301587302 1.01587301587302
30.998 0.0317460317460317 0.238095238095238 1
31.065 0.0317460317460317 0.301587301587302 1
31.098 0.0476190476190476 0.222222222222222 1
31.132 0.0476190476190476 0.301587301587302 1
31.465 0.0317460317460317 0.238095238095238 1
31.532 0.0476190476190476 0.301587301587302 1
31.565 0.0317460317460317 0.238095238095238 0.984126984126984
31.598 0.0476190476190476 0.301587301587302 1
31.632 0.0476190476190476 0.238095238095238 0.984126984126984
31.665 0.0317460317460317 0.301587301587302 1
31.698 0.0317460317460317 0.222222222222222 1.01587301587302
31.732 0.0476190476190476 0.285714285714286 1
32.132 0.0476190476190476 0.317460317460317 1.01587301587302
32.165 0.0476190476190476 0.238095238095238 1
32.198 0.0476190476190476 0.301587301587302 1.03174603174603
32.398 0.0317460317460317 0.253968253968254 0.968253968253968
32.732 0.0317460317460317 0.317460317460317 1
32.765 0.0476190476190476 0.238095238095238 0.984126984126984
32.798 0.0476190476190476 0.301587301587302 1
33.198 0.0317460317460317 0.285714285714286 1
33.232 0.0158730158730159 0.222222222222222 1
33.265 0.0634920634920635 0.301587301587302 1.03174603174603
33.665 0.0476190476190476 0.253968253968254 1.03174603174603
33.865 0.0476190476190476 0.317460317460317 1.01587301587302
33.898 0.0317460317460317 0.253968253968254 0.984126984126984
34.298 0.0317460317460317 0.285714285714286 1
34.698 0.0476190476190476 0.26984126984127 0.984126984126984
35.098 0.0317460317460317 0.301587301587302 1
35.498 0.0317460317460317 0.26984126984127 1
35.898 0.0476190476190476 0.26984126984127 1
36.298 0.0158730158730159 0.285714285714286 1
36.698 0.0317460317460317 0.26984126984127 1
37.098 0.0634920634920635 0.285714285714286 0.984126984126984
37.498 0.0317460317460317 0.253968253968254 1
37.898 0.0476190476190476 0.26984126984127 1.01587301587302
38.298 0.0158730158730159 0.26984126984127 1
38.698 0.0476190476190476 0.26984126984127 0.984126984126984
39.098 0.0317460317460317 0.26984126984127 0.968253968253968
39.498 0.0476190476190476 0.26984126984127 1
39.898 0.0317460317460317 0.26984126984127 0.968253968253968
39.931 0.0317460317460317 0.285714285714286 1.03174603174603
40.331 0.0476190476190476 0.285714285714286 1
40.731 0.0476190476190476 0.26984126984127 0.968253968253968
41.098 0.0158730158730159 0.26984126984127 1.03174603174603
41.465 0.0476190476190476 0.253968253968254 0.968253968253968
41.531 0.0476190476190476 0.26984126984127 1.03174603174603
41.665 0.0476190476190476 0.26984126984127 0.968253968253968
42.064 0.0476190476190476 0.26984126984127 0.984126984126984
42.464 0.0476190476190476 0.26984126984127 0.984126984126984
42.864 0.0476190476190476 0.26984126984127 0.984126984126984
43.264 0.0476190476190476 0.253968253968254 1.03174603174603
43.331 0.0476190476190476 0.26984126984127 0.968253968253968
43.731 0.0476190476190476 0.26984126984127 0.984126984126984
44.131 0.0476190476190476 0.285714285714286 1.01587301587302
44.531 0.0317460317460317 0.285714285714286 0.984126984126984
44.931 0.0476190476190476 0.26984126984127 1
45.331 0.0317460317460317 0.26984126984127 1.01587301587302
45.731 0.0476190476190476 0.26984126984127 1
46.131 0.0476190476190476 0.285714285714286 0.984126984126984
46.531 0.0317460317460317 0.26984126984127 0.984126984126984
46.931 0.0317460317460317 0.26984126984127 1
47.331 0.0317460317460317 0.285714285714286 1
47.731 0.0476190476190476 0.285714285714286 1
48.131 0.0158730158730159 0.253968253968254 1
48.531 0.0476190476190476 0.285714285714286 1.01587301587302
48.864 0.0476190476190476 0.26984126984127 0.952380952380952
48.964 0.0317460317460317 0.285714285714286 1.03174603174603
49.198 0.0476190476190476 0.285714285714286 0.968253968253968
49.598 0.0476190476190476 0.253968253968254 0.984126984126984
49.864 0.0317460317460317 0.26984126984127 1.04761904761905
49.898 0.0317460317460317 0.26984126984127 0.984126984126984
50.297 0.0317460317460317 0.26984126984127 0.984126984126984
50.697 0.0476190476190476 0.26984126984127 0.952380952380952
50.731 0.0476190476190476 0.26984126984127 1.01587301587302
51.131 0.0476190476190476 0.26984126984127 0.984126984126984
51.531 0.0317460317460317 0.285714285714286 1
51.931 0.0317460317460317 0.285714285714286 1
52.331 0.0317460317460317 0.26984126984127 1.01587301587302
52.397 0.0317460317460317 0.26984126984127 0.952380952380952
52.697 0.0476190476190476 0.26984126984127 1.01587301587302
53.097 0.0317460317460317 0.285714285714286 0.984126984126984
53.497 0.0317460317460317 0.26984126984127 1
53.897 0.0317460317460317 0.26984126984127 0.984126984126984
54.297 0.0317460317460317 0.26984126984127 1
54.697 0.0317460317460317 0.285714285714286 0.984126984126984
55.097 0.0476190476190476 0.26984126984127 1
55.497 0.0317460317460317 0.26984126984127 1
55.897 0.0317460317460317 0.26984126984127 1
56.297 0.0317460317460317 0.26984126984127 1
56.697 0.0158730158730159 0.253968253968254 0.984126984126984
57.097 0.0476190476190476 0.285714285714286 1
57.497 0.0317460317460317 0.26984126984127 0.984126984126984
57.897 0.0317460317460317 0.285714285714286 0.984126984126984
58.297 0.0317460317460317 0.253968253968254 1.03174603174603
58.564 0.0317460317460317 0.26984126984127 0.968253968253968
58.964 0.0476190476190476 0.26984126984127 1
59.364 0.0317460317460317 0.253968253968254 1
59.764 0.0476190476190476 0.26984126984127 1
60.16 0.0476190476190476 0.285714285714286 1
60.56 0.0476190476190476 0.26984126984127 1
60.96 0.0476190476190476 0.26984126984127 1
61.36 0.0317460317460317 0.253968253968254 0.984126984126984
61.76 0.0317460317460317 0.253968253968254 0.984126984126984
62.16 0.0476190476190476 0.26984126984127 0.984126984126984
62.56 0.0317460317460317 0.285714285714286 0.984126984126984
62.96 0.0476190476190476 0.26984126984127 0.984126984126984
63.36 0.0476190476190476 0.253968253968254 1
63.76 0.0317460317460317 0.26984126984127 1
64.16 0.0317460317460317 0.26984126984127 1.01587301587302
64.56 0.0158730158730159 0.26984126984127 0.984126984126984
64.96 0.0317460317460317 0.285714285714286 1
65.36 0.0317460317460317 0.26984126984127 1
65.76 0.0317460317460317 0.253968253968254 1
66.16 0.0317460317460317 0.285714285714286 1.01587301587302
66.8 0.0634920634920635 0.253968253968254 1.01587301587302
67.2 0.0317460317460317 0.26984126984127 1
67.6 0.0476190476190476 0.253968253968254 1.01587301587302
68 0.0317460317460317 0.26984126984127 0.984126984126984
68.4 0.0317460317460317 0.26984126984127 1
68.8 0.0476190476190476 0.26984126984127 1.01587301587302
69.2 0.0317460317460317 0.285714285714286 1
69.6 0.0158730158730159 0.285714285714286 0.984126984126984
70 0.0476190476190476 0.26984126984127 0.968253968253968
70.4 0.0158730158730159 0.26984126984127 1.01587301587302
70.8 0.0317460317460317 0.26984126984127 1.01587301587302
71.2 0.0317460317460317 0.26984126984127 1.01587301587302
71.6 0.0476190476190476 0.285714285714286 1
72 0.0476190476190476 0.285714285714286 1
72.4 0.0317460317460317 0.285714285714286 1
72.8 0.0317460317460317 0.26984126984127 0.984126984126984
73.2 0.0476190476190476 0.285714285714286 0.984126984126984
73.6 0.0317460317460317 0.285714285714286 0.984126984126984
74 0.0317460317460317 0.26984126984127 0.984126984126984
74.4 0.0476190476190476 0.285714285714286 1
74.8 0.0317460317460317 0.26984126984127 1
75.2 0.0476190476190476 0.26984126984127 1
75.6 0.0476190476190476 0.285714285714286 1
76 0.0476190476190476 0.253968253968254 1
76.4 0.0317460317460317 0.285714285714286 1.01587301587302
76.8 0.0476190476190476 0.285714285714286 1.01587301587302
77.2 0.0476190476190476 0.253968253968254 1.01587301587302
77.6 0.0476190476190476 0.285714285714286 1
78 0.0158730158730159 0.26984126984127 0.984126984126984
78.4 0.0476190476190476 0.26984126984127 0.984126984126984
78.8 0.0317460317460317 0.285714285714286 0.984126984126984
79.2 0.0317460317460317 0.26984126984127 1
79.6 0.0476190476190476 0.285714285714286 1.01587301587302
80 0.0317460317460317 0.26984126984127 1
80.4 0.0317460317460317 0.285714285714286 0.984126984126984
80.8 0.0317460317460317 0.285714285714286 1
81.2 0.0317460317460317 0.26984126984127 1
81.6 0.0317460317460317 0.26984126984127 1.01587301587302
82 0.0317460317460317 0.285714285714286 0.984126984126984
82.4 0.0476190476190476 0.285714285714286 1.03174603174603
82.63 0.0476190476190476 0.285714285714286 0.968253968253968
83.03 0.0317460317460317 0.26984126984127 1
83.43 0.0317460317460317 0.285714285714286 1
83.83 0.0317460317460317 0.26984126984127 1
84.23 0.0476190476190476 0.26984126984127 0.968253968253968
84.63 0.0317460317460317 0.285714285714286 0.984126984126984
85.03 0.0317460317460317 0.285714285714286 1.01587301587302
85.43 0.0476190476190476 0.285714285714286 0.984126984126984
85.83 0.0476190476190476 0.285714285714286 0.984126984126984
86.23 0.0317460317460317 0.285714285714286 1
86.63 0.0317460317460317 0.26984126984127 0.968253968253968
87.03 0.0476190476190476 0.26984126984127 1
87.43 0.0317460317460317 0.285714285714286 1
87.83 0.0317460317460317 0.26984126984127 1
88.23 0.0317460317460317 0.285714285714286 0.984126984126984
88.63 0.0158730158730159 0.26984126984127 1.06349206349206
88.66 0.0317460317460317 0.26984126984127 1
89.06 0.0476190476190476 0.26984126984127 0.984126984126984
89.46 0.0476190476190476 0.26984126984127 0.984126984126984
89.86 0.0476190476190476 0.26984126984127 0.984126984126984
90.26 0.0317460317460317 0.26984126984127 1
90.66 0.0317460317460317 0.285714285714286 0.968253968253968
91.06 0.0317460317460317 0.285714285714286 1
91.46 0.0317460317460317 0.26984126984127 1.01587301587302
91.86 0.0158730158730159 0.26984126984127 0.984126984126984
92.26 0.0317460317460317 0.26984126984127 1.01587301587302
92.66 0.0317460317460317 0.26984126984127 0.984126984126984
93.06 0.0476190476190476 0.26984126984127 0.984126984126984
93.46 0.0476190476190476 0.285714285714286 1.01587301587302
93.86 0.0476190476190476 0.285714285714286 0.984126984126984
94.26 0.0476190476190476 0.26984126984127 1
94.66 0.0476190476190476 0.285714285714286 1.01587301587302
95.06 0.0317460317460317 0.26984126984127 1.01587301587302
95.46 0.0476190476190476 0.285714285714286 0.984126984126984
95.86 0.0634920634920635 0.253968253968254 0.984126984126984
96.26 0.0317460317460317 0.285714285714286 0.984126984126984
96.66 0.0476190476190476 0.26984126984127 0.984126984126984
97.06 0.0317460317460317 0.26984126984127 1
97.46 0.0317460317460317 0.26984126984127 0.984126984126984
97.86 0.0476190476190476 0.26984126984127 1.01587301587302
98.26 0.0317460317460317 0.26984126984127 1
98.66 0.0476190476190476 0.285714285714286 1
99.06 0.0476190476190476 0.285714285714286 0.984126984126984
99.46 0.0317460317460317 0.285714285714286 1.01587301587302
99.86 0.0317460317460317 0.26984126984127 1
100.26 0.0317460317460317 0.26984126984127 1
100.66 0.0476190476190476 0.285714285714286 1
101.06 0.0158730158730159 0.26984126984127 0.984126984126984
101.46 0.0476190476190476 0.26984126984127 1
101.86 0.0476190476190476 0.26984126984127 1
102.26 0.0317460317460317 0.26984126984127 1.01587301587302
102.66 0.0317460317460317 0.26984126984127 0.984126984126984
103.06 0.0158730158730159 0.26984126984127 0.984126984126984
104.2 0.0476190476190476 0.285714285714286 1.03174603174603
104.23 0.0317460317460317 0.285714285714286 0.968253968253968
104.63 0.0317460317460317 0.26984126984127 1.01587301587302
105.03 0.0158730158730159 0.26984126984127 1
105.43 0.0317460317460317 0.26984126984127 1
105.83 0.0317460317460317 0.285714285714286 0.984126984126984
106.23 0.0476190476190476 0.285714285714286 0.984126984126984
106.63 0.0317460317460317 0.26984126984127 0.968253968253968
107.03 0.0158730158730159 0.285714285714286 0.968253968253968
107.43 0.0158730158730159 0.26984126984127 1
107.83 0.0317460317460317 0.26984126984127 0.984126984126984
108.23 0.0476190476190476 0.26984126984127 1.01587301587302
108.63 0.0317460317460317 0.285714285714286 1
109.03 0.0476190476190476 0.285714285714286 1
109.43 0.0317460317460317 0.285714285714286 0.968253968253968
109.83 0.0158730158730159 0.285714285714286 0.984126984126984
110.23 0.0158730158730159 0.26984126984127 1.01587301587302
110.63 0.0317460317460317 0.26984126984127 0.968253968253968
111.03 0.0317460317460317 0.253968253968254 0.984126984126984
111.43 0.0317460317460317 0.26984126984127 0.984126984126984
111.83 0.0317460317460317 0.26984126984127 0.984126984126984
112.23 0.0158730158730159 0.285714285714286 0.968253968253968
112.26 0.0317460317460317 0.301587301587302 1.03174603174603
112.46 0.0634920634920635 0.26984126984127 0.968253968253968
112.86 0.0476190476190476 0.26984126984127 1
113.26 0.0158730158730159 0.26984126984127 0.984126984126984
113.66 0.0317460317460317 0.285714285714286 1
114.06 0.0317460317460317 0.26984126984127 0.984126984126984
114.46 0.0317460317460317 0.285714285714286 0.968253968253968
114.86 0.0317460317460317 0.285714285714286 0.984126984126984
115.26 0.0317460317460317 0.26984126984127 1
115.66 0.0317460317460317 0.253968253968254 0.984126984126984
116.06 0.0317460317460317 0.26984126984127 1
116.46 0.0158730158730159 0.26984126984127 0.984126984126984
116.86 0.0317460317460317 0.26984126984127 0.984126984126984
117.26 0.0476190476190476 0.285714285714286 1
117.66 0.0317460317460317 0.285714285714286 0.984126984126984
118.06 0.0158730158730159 0.253968253968254 1
118.46 0.0317460317460317 0.253968253968254 1.01587301587302
