14 21 15 303
14 21 16 631

1.599 0.111111111111111 0.111111111111111 1
1.999 0.0952380952380952 0.142857142857143 1.03174603174603
2.399 0.111111111111111 0.126984126984127 1.03174603174603
2.799 0.0952380952380952 0.126984126984127 1.01587301587302
3.199 0.0952380952380952 0.126984126984127 1.03174603174603
3.599 0.0952380952380952 0.126984126984127 1.03174603174603
3.999 0.111111111111111 0.142857142857143 1.03174603174603
4.399 0.0952380952380952 0.126984126984127 0.984126984126984
4.799 0.0952380952380952 0.142857142857143 0.984126984126984
5.133 0.0952380952380952 0.126984126984127 1.04761904761905
5.533 0.0952380952380952 0.142857142857143 1.03174603174603
5.933 0.0952380952380952 0.142857142857143 1.01587301587302
6.333 0.111111111111111 0.126984126984127 1
6.733 0.0952380952380952 0.142857142857143 1
7.133 0.0952380952380952 0.142857142857143 1
7.533 0.111111111111111 0.126984126984127 1.01587301587302
7.933 0.111111111111111 0.111111111111111 1.01587301587302
8.332 0.111111111111111 0.126984126984127 1.01587301587302
8.732 0.0952380952380952 0.142857142857143 1
9.132 0.111111111111111 0.142857142857143 1
9.532 0.111111111111111 0.142857142857143 1.03174603174603
9.932 0.111111111111111 0.126984126984127 1
10.232 0.0952380952380952 0.19047619047619 1.01587301587302
10.299 0.0952380952380952 0.126984126984127 1.04761904761905
10.466 0.111111111111111 0.142857142857143 0.984126984126984
10.866 0.111111111111111 0.126984126984127 1.03174603174603
11.066 0.0952380952380952 0.126984126984127 0.968253968253968
11.266 0.111111111111111 0.158730158730159 1.06349206349206
11.366 0.0793650793650794 0.126984126984127 1
11.766 0.0952380952380952 0.142857142857143 1.04761904761905
11.999 0.0952380952380952 0.158730158730159 0.968253968253968
12.099 0.126984126984127 0.111111111111111 1.03174603174603
12.499 0.111111111111111 0.126984126984127 1.03174603174603
12.899 0.111111111111111 0.158730158730159 1.03174603174603
13.299 0.0952380952380952 0.142857142857143 1
13.699 0.0952380952380952 0.142857142857143 1.03174603174603
14.099 0.111111111111111 0.126984126984127 1
14.499 0.0952380952380952 0.158730158730159 0.984126984126984
14.699 0.126984126984127 0.111111111111111 1.04761904761905
14.832 0.111111111111111 0.126984126984127 0.984126984126984
15.232 0.0793650793650794 0.126984126984127 1.03174603174603
15.632 0.0952380952380952 0.111111111111111 1.04761904761905
15.766 0.0952380952380952 0.126984126984127 0.984126984126984
16.132 0.111111111111111 0.142857142857143 1.04761904761905
16.332 0.126984126984127 0.126984126984127 0.968253968253968
16.432 0.0793650793650794 0.142857142857143 1.04761904761905
16.832 0.0952380952380952 0.126984126984127 1.03174603174603
17.232 0.0952380952380952 0.142857142857143 1.03174603174603
17.632 0.0952380952380952 0.126984126984127 1.01587301587302
18.032 0.0952380952380952 0.126984126984127 1.03174603174603
18.432 0.0952380952380952 0.126984126984127 1.01587301587302
18.832 0.111111111111111 0.0952380952380952 1.01587301587302
19.132 0.111111111111111 0.158730158730159 1.04761904761905
19.332 0.0952380952380952 0.0952380952380952 1.01587301587302
19.665 0.0952380952380952 0.19047619047619 1
20.065 0.0793650793650794 0.19047619047619 1.04761904761905
20.165 0.111111111111111 0.0793650793650794 1
20.565 0.0952380952380952 0.0634920634920635 0.968253968253968
20.665 0.0793650793650794 0.19047619047619 1.01587301587302
21.065 0.0952380952380952 0.206349206349206 1.03174603174603
21.199 0.0952380952380952 0.0793650793650794 0.984126984126984
21.432 0.0952380952380952 0.0952380952380952 1.06349206349206
21.699 0.0952380952380952 0.142857142857143 1
21.932 0.0952380952380952 0.0793650793650794 0.984126984126984
22.232 0.0793650793650794 0.19047619047619 1
22.432 0.0793650793650794 0.126984126984127 0.984126984126984
22.599 0.0952380952380952 0.0634920634920635 0.984126984126984
22.765 0.0793650793650794 0.174603174603175 0.984126984126984
22.965 0.0952380952380952 0.111111111111111 0.984126984126984
23.299 0.0793650793650794 0.206349206349206 1.01587301587302
23.465 0.0952380952380952 0.126984126984127 0.984126984126984
23.865 0.0793650793650794 0.126984126984127 0.984126984126984
24.265 0.0952380952380952 0.126984126984127 1.03174603174603
24.665 0.0952380952380952 0.126984126984127 1
25.065 0.0793650793650794 0.142857142857143 1.03174603174603
25.465 0.0952380952380952 0.126984126984127 1.01587301587302
25.865 0.0952380952380952 0.126984126984127 1.01587301587302
26.265 0.0952380952380952 0.126984126984127 1
26.665 0.0952380952380952 0.142857142857143 1
26.965 0.126984126984127 0.0952380952380952 1.06349206349206
26.998 0.0793650793650794 0.158730158730159 0.984126984126984
27.032 0.0952380952380952 0.0952380952380952 1.01587301587302
27.065 0.0793650793650794 0.158730158730159 1.01587301587302
27.298 0.0793650793650794 0.142857142857143 0.952380952380952
27.332 0.126984126984127 0.111111111111111 1.03174603174603
27.732 0.111111111111111 0.111111111111111 1.06349206349206
27.765 0.0634920634920635 0.142857142857143 0.968253968253968
27.865 0.111111111111111 0.111111111111111 1.03174603174603
28.265 0.111111111111111 0.0952380952380952 1.01587301587302
28.298 0.0952380952380952 0.174603174603175 1.01587301587302
28.332 0.142857142857143 0.111111111111111 1.03174603174603
28.398 0.0634920634920635 0.174603174603175 0.984126984126984
28.432 0.126984126984127 0.126984126984127 1.06349206349206
28.465 0.0952380952380952 0.19047619047619 1.01587301587302
28.498 0.126984126984127 0.126984126984127 1
28.698 0.0634920634920635 0.158730158730159 0.984126984126984
28.732 0.126984126984127 0.0952380952380952 1.01587301587302
28.765 0.0634920634920635 0.174603174603175 1
28.798 0.111111111111111 0.111111111111111 1
28.932 0.0952380952380952 0.174603174603175 1.01587301587302
29.132 0.126984126984127 0.111111111111111 1.06349206349206
29.165 0.0793650793650794 0.174603174603175 0.984126984126984
29.198 0.126984126984127 0.111111111111111 1.03174603174603
29.232 0.0793650793650794 0.174603174603175 1.01587301587302
29.265 0.111111111111111 0.0952380952380952 1.03174603174603
29.365 0.0793650793650794 0.158730158730159 1.03174603174603
29.732 0.111111111111111 0.0952380952380952 1.03174603174603
29.765 0.0952380952380952 0.174603174603175 1
29.798 0.126984126984127 0.0952380952380952 1.04761904761905
29.932 0.0952380952380952 0.158730158730159 1
30.198 0.142857142857143 0.0952380952380952 1.03174603174603
30.232 0.0793650793650794 0.174603174603175 0.984126984126984
30.265 0.111111111111111 0.126984126984127 1.04761904761905
30.298 0.0634920634920635 0.19047619047619 1
30.332 0.126984126984127 0.126984126984127 1.03174603174603
30.732 0.111111111111111 0.126984126984127 1.03174603174603
30.898 0.0634920634920635 0.19047619047619 0.968253968253968
30.932 0.111111111111111 0.111111111111111 1.06349206349206
30.998 0.0793650793650794 0.142857142857143 1
31.032 0.142857142857143 0.111111111111111 1.01587301587302
31.065 0.0793650793650794 0.158730158730159 1.01587301587302
31.098 0.111111111111111 0.0952380952380952 1.03174603174603
31.132 0.0793650793650794 0.158730158730159 1.01587301587302
31.532 0.0793650793650794 0.158730158730159 1
31.698 0.142857142857143 0.0793650793650794 1.03174603174603
31.732 0.0634920634920635 0.158730158730159 0.968253968253968
31.765 0.111111111111111 0.126984126984127 1.03174603174603
31.798 0.0634920634920635 0.19047619047619 1
31.832 0.111111111111111 0.0952380952380952 1
31.865 0.0793650793650794 0.158730158730159 1
31.998 0.126984126984127 0.0793650793650794 1.03174603174603
32.032 0.0634920634920635 0.158730158730159 0.984126984126984
32.432 0.0793650793650794 0.142857142857143 1.01587301587302
32.832 0.0952380952380952 0.142857142857143 1
33.232 0.0952380952380952 0.174603174603175 1
33.631 0.111111111111111 0.126984126984127 1.01587301587302
34.031 0.0952380952380952 0.126984126984127 1
34.431 0.0793650793650794 0.126984126984127 1.01587301587302
34.831 0.0952380952380952 0.126984126984127 1
35.231 0.0952380952380952 0.126984126984127 1.01587301587302
35.631 0.0952380952380952 0.126984126984127 1.01587301587302
36.031 0.0952380952380952 0.142857142857143 1
36.431 0.0952380952380952 0.126984126984127 1
36.831 0.111111111111111 0.142857142857143 1
37.231 0.0952380952380952 0.111111111111111 1
37.631 0.0793650793650794 0.142857142857143 1.01587301587302
38.031 0.0952380952380952 0.142857142857143 1.01587301587302
38.431 0.111111111111111 0.126984126984127 1.01587301587302
38.831 0.0952380952380952 0.126984126984127 1
39.231 0.111111111111111 0.126984126984127 1.06349206349206
39.631 0.111111111111111 0.126984126984127 1.03174603174603
40.031 0.0952380952380952 0.158730158730159 1.01587301587302
40.431 0.0952380952380952 0.142857142857143 1.01587301587302
40.831 0.0793650793650794 0.142857142857143 1.01587301587302
41.231 0.0793650793650794 0.142857142857143 1
41.631 0.0952380952380952 0.126984126984127 1
42.031 0.111111111111111 0.126984126984127 1.01587301587302
42.431 0.111111111111111 0.142857142857143 1
42.831 0.0952380952380952 0.126984126984127 1.01587301587302
43.231 0.0952380952380952 0.126984126984127 1.03174603174603
43.631 0.111111111111111 0.126984126984127 1.01587301587302
44.031 0.0952380952380952 0.126984126984127 1
44.064 0.0952380952380952 0.142857142857143 1.06349206349206
44.264 0.0793650793650794 0.142857142857143 1
44.664 0.0952380952380952 0.126984126984127 1.01587301587302
45.064 0.0793650793650794 0.142857142857143 1
45.464 0.0793650793650794 0.142857142857143 1.01587301587302
45.864 0.0952380952380952 0.142857142857143 1
46.264 0.126984126984127 0.142857142857143 1.04761904761905
46.464 0.111111111111111 0.142857142857143 0.984126984126984
46.864 0.111111111111111 0.126984126984127 1.03174603174603
47.264 0.0952380952380952 0.142857142857143 0.984126984126984
47.298 0.0952380952380952 0.126984126984127 1.04761904761905
47.698 0.111111111111111 0.142857142857143 1.01587301587302
48.098 0.111111111111111 0.142857142857143 1
48.398 0.0952380952380952 0.126984126984127 1.06349206349206
48.531 0.0793650793650794 0.142857142857143 1
48.931 0.0793650793650794 0.142857142857143 1.01587301587302
49.331 0.0952380952380952 0.126984126984127 1.03174603174603
49.731 0.0952380952380952 0.126984126984127 1.01587301587302
50.131 0.0952380952380952 0.126984126984127 1.01587301587302
50.531 0.111111111111111 0.142857142857143 1.01587301587302
50.931 0.0952380952380952 0.142857142857143 1.01587301587302
51.331 0.0793650793650794 0.126984126984127 1.01587301587302
51.731 0.0952380952380952 0.126984126984127 1
52.131 0.0952380952380952 0.126984126984127 1.01587301587302
52.364 0.0634920634920635 0.19047619047619 0.984126984126984
52.431 0.0793650793650794 0.0952380952380952 0.968253968253968
52.531 0.126984126984127 0.142857142857143 1.04761904761905
52.864 0.0952380952380952 0.126984126984127 0.984126984126984
53.264 0.0952380952380952 0.142857142857143 1.01587301587302
53.664 0.0952380952380952 0.142857142857143 1.01587301587302
54.064 0.0952380952380952 0.126984126984127 1.01587301587302
54.464 0.0952380952380952 0.142857142857143 1
54.864 0.111111111111111 0.126984126984127 1
55.264 0.111111111111111 0.142857142857143 1.01587301587302
55.664 0.0952380952380952 0.142857142857143 1
56.064 0.0952380952380952 0.142857142857143 1
56.464 0.0952380952380952 0.126984126984127 1.01587301587302
56.864 0.0952380952380952 0.126984126984127 0.968253968253968
56.964 0.0793650793650794 0.142857142857143 1.03174603174603
57.364 0.0952380952380952 0.142857142857143 1.01587301587302
57.764 0.111111111111111 0.142857142857143 1.04761904761905
58.164 0.0952380952380952 0.126984126984127 1.01587301587302
58.564 0.111111111111111 0.142857142857143 1.01587301587302
58.964 0.111111111111111 0.126984126984127 1.01587301587302
59.364 0.0952380952380952 0.126984126984127 1.01587301587302
59.764 0.0952380952380952 0.142857142857143 1.03174603174603
60.16 0.111111111111111 0.126984126984127 1.03174603174603
60.56 0.126984126984127 0.142857142857143 1.01587301587302
60.9 0.126984126984127 0.0634920634920635 1.07936507936508
60.93 0.126984126984127 0.126984126984127 1.03174603174603
61.23 0.0634920634920635 0.111111111111111 1
61.4 0.111111111111111 0.142857142857143 1.06349206349206
61.5 0.0793650793650794 0.142857142857143 0.952380952380952
61.56 0.0952380952380952 0.142857142857143 1.04761904761905
61.63 0.0793650793650794 0.142857142857143 0.968253968253968
61.7 0.111111111111111 0.126984126984127 1.04761904761905
61.73 0.0952380952380952 0.126984126984127 0.984126984126984
61.8 0.0793650793650794 0.158730158730159 1.06349206349206
61.83 0.0793650793650794 0.142857142857143 1
61.96 0.0793650793650794 0.142857142857143 0.936507936507937
62 0.111111111111111 0.126984126984127 1.03174603174603
62.13 0.0952380952380952 0.111111111111111 0.968253968253968
62.2 0.0952380952380952 0.142857142857143 1.07936507936508
62.23 0.0793650793650794 0.142857142857143 0.984126984126984
62.33 0.126984126984127 0.126984126984127 1.04761904761905
62.36 0.0952380952380952 0.126984126984127 0.984126984126984
62.4 0.111111111111111 0.158730158730159 1.04761904761905
62.56 0.111111111111111 0.158730158730159 0.984126984126984
62.6 0.111111111111111 0.174603174603175 1.06349206349206
62.66 0.0952380952380952 0.126984126984127 1
63.06 0.0952380952380952 0.126984126984127 1.01587301587302
63.4 0.0634920634920635 0.111111111111111 0.952380952380952
63.43 0.0952380952380952 0.126984126984127 1.01587301587302
63.76 0.111111111111111 0.126984126984127 1.07936507936508
63.8 0.0793650793650794 0.111111111111111 0.984126984126984
63.86 0.111111111111111 0.158730158730159 1.06349206349206
63.93 0.111111111111111 0.126984126984127 1
64.1 0.126984126984127 0.142857142857143 1.06349206349206
64.13 0.0952380952380952 0.158730158730159 1
64.4 0.0952380952380952 0.142857142857143 1.0952380952381
64.46 0.0952380952380952 0.126984126984127 1.01587301587302
64.86 0.0793650793650794 0.126984126984127 1
65.06 0.111111111111111 0.142857142857143 1.06349206349206
65.1 0.0793650793650794 0.142857142857143 1
65.5 0.111111111111111 0.126984126984127 1
65.7 0.111111111111111 0.142857142857143 1.06349206349206
65.8 0.0952380952380952 0.126984126984127 1
66.2 0.0793650793650794 0.0952380952380952 0.984126984126984
66.3 0.0952380952380952 0.158730158730159 1.04761904761905
66.7 0.0952380952380952 0.126984126984127 1.01587301587302
67.1 0.111111111111111 0.126984126984127 1.04761904761905
67.36 0.0952380952380952 0.126984126984127 0.984126984126984
67.76 0.0793650793650794 0.126984126984127 1.03174603174603
68.16 0.0952380952380952 0.126984126984127 1
68.63 0.0952380952380952 0.142857142857143 1.01587301587302
69.03 0.111111111111111 0.142857142857143 1.01587301587302
69.3 0.0476190476190476 0.126984126984127 0.984126984126984
69.33 0.0952380952380952 0.0634920634920635 1.01587301587302
69.36 0.0793650793650794 0.142857142857143 1
69.43 0.0952380952380952 0.158730158730159 1.06349206349206
69.56 0.0793650793650794 0.126984126984127 0.984126984126984
69.7 0.111111111111111 0.142857142857143 1.04761904761905
69.76 0.0952380952380952 0.142857142857143 0.968253968253968
69.8 0.111111111111111 0.158730158730159 1.03174603174603
69.96 0.0793650793650794 0.142857142857143 0.968253968253968
70 0.0793650793650794 0.126984126984127 1.03174603174603
70.4 0.0952380952380952 0.142857142857143 1.04761904761905
70.46 0.111111111111111 0.142857142857143 0.984126984126984
70.53 0.111111111111111 0.142857142857143 1.04761904761905
70.76 0.0952380952380952 0.111111111111111 0.984126984126984
70.93 0.0793650793650794 0.174603174603175 1.03174603174603
70.96 0.0952380952380952 0.126984126984127 0.968253968253968
71 0.111111111111111 0.158730158730159 1.06349206349206
71.06 0.0952380952380952 0.126984126984127 0.984126984126984
71.3 0.111111111111111 0.142857142857143 1.04761904761905
71.46 0.0793650793650794 0.126984126984127 0.984126984126984
71.6 0.0952380952380952 0.126984126984127 1.04761904761905
71.73 0.0952380952380952 0.126984126984127 0.968253968253968
71.76 0.0952380952380952 0.142857142857143 1.03174603174603
72.16 0.0952380952380952 0.111111111111111 1.04761904761905
72.33 0.111111111111111 0.126984126984127 0.984126984126984
72.6 0.111111111111111 0.142857142857143 1.04761904761905
72.73 0.0952380952380952 0.142857142857143 0.968253968253968
72.76 0.0793650793650794 0.126984126984127 1.06349206349206
72.83 0.0952380952380952 0.111111111111111 0.984126984126984
72.86 0.0952380952380952 0.126984126984127 1.06349206349206
72.93 0.111111111111111 0.111111111111111 0.968253968253968
73.06 0.0952380952380952 0.126984126984127 1.04761904761905
73.13 0.0952380952380952 0.142857142857143 0.984126984126984
73.16 0.111111111111111 0.142857142857143 1.04761904761905
73.4 0.0952380952380952 0.142857142857143 0.968253968253968
73.46 0.111111111111111 0.158730158730159 1.04761904761905
73.63 0.0793650793650794 0.142857142857143 0.984126984126984
73.73 0.0793650793650794 0.142857142857143 1.04761904761905
73.8 0.111111111111111 0.111111111111111 0.968253968253968
73.83 0.111111111111111 0.142857142857143 1.06349206349206
73.9 0.0793650793650794 0.158730158730159 1
74.3 0.0952380952380952 0.126984126984127 1
74.63 0.0952380952380952 0.126984126984127 1.06349206349206
74.7 0.0952380952380952 0.111111111111111 0.968253968253968
74.73 0.111111111111111 0.174603174603175 1.03174603174603
75.13 0.0952380952380952 0.142857142857143 0.984126984126984
75.46 0.0952380952380952 0.126984126984127 1.04761904761905
75.5 0.111111111111111 0.126984126984127 0.984126984126984
75.76 0.111111111111111 0.126984126984127 1.04761904761905
75.8 0.0952380952380952 0.142857142857143 0.984126984126984
76.2 0.0793650793650794 0.126984126984127 1
76.6 0.0793650793650794 0.142857142857143 1.03174603174603
77 0.0952380952380952 0.142857142857143 1
77.4 0.0952380952380952 0.126984126984127 1.01587301587302
77.8 0.126984126984127 0.142857142857143 1.01587301587302
78.2 0.111111111111111 0.126984126984127 1.01587301587302
78.6 0.111111111111111 0.142857142857143 1
79 0.111111111111111 0.126984126984127 1.03174603174603
79.4 0.0793650793650794 0.126984126984127 1.04761904761905
79.8 0.0952380952380952 0.126984126984127 1.01587301587302
80.2 0.111111111111111 0.142857142857143 1.03174603174603
80.5 0.0952380952380952 0.126984126984127 0.968253968253968
80.53 0.0793650793650794 0.126984126984127 1.03174603174603
80.83 0.0952380952380952 0.126984126984127 0.968253968253968
80.86 0.0952380952380952 0.126984126984127 1.03174603174603
81.26 0.111111111111111 0.142857142857143 1.01587301587302
81.66 0.111111111111111 0.142857142857143 1.03174603174603
82.03 0.111111111111111 0.142857142857143 0.952380952380952
82.06 0.0952380952380952 0.158730158730159 1.01587301587302
82.46 0.111111111111111 0.126984126984127 0.984126984126984
82.63 0.0952380952380952 0.126984126984127 1.06349206349206
82.66 0.0952380952380952 0.142857142857143 0.984126984126984
82.73 0.0952380952380952 0.126984126984127 1.06349206349206
82.8 0.0952380952380952 0.142857142857143 1
83.2 0.0952380952380952 0.126984126984127 1
83.6 0.0952380952380952 0.142857142857143 1.01587301587302
84 0.0952380952380952 0.126984126984127 1.03174603174603
84.4 0.0952380952380952 0.126984126984127 1.01587301587302
84.8 0.111111111111111 0.126984126984127 1.01587301587302
85.2 0.0952380952380952 0.126984126984127 1.01587301587302
85.6 0.111111111111111 0.126984126984127 1.04761904761905
86 0.111111111111111 0.126984126984127 1
86.23 0.111111111111111 0.158730158730159 1.06349206349206
86.26 0.206349206349206 0.0634920634920635 1.12698412698413
86.3 0.111111111111111 0.238095238095238 0.984126984126984
86.33 0.126984126984127 0.126984126984127 1.03174603174603
86.36 0.0793650793650794 0.206349206349206 0.968253968253968
86.4 0.0793650793650794 0.126984126984127 0.984126984126984
86.43 0.126984126984127 0.19047619047619 1.03174603174603
86.53 0.0634920634920635 0.206349206349206 1
86.63 0.0952380952380952 0.126984126984127 0.984126984126984
86.8 0.111111111111111 0.0634920634920635 1.06349206349206
86.9 0.111111111111111 0.126984126984127 1.07936507936508
86.96 0.0952380952380952 0.111111111111111 0.984126984126984
87.06 0.111111111111111 0.0793650793650794 1.07936507936508
87.2 0.0952380952380952 0.142857142857143 1.03174603174603
87.33 0.111111111111111 0.222222222222222 1
87.43 0.0793650793650794 0.158730158730159 0.984126984126984
87.76 0.0952380952380952 0.0793650793650794 1
87.9 0.0952380952380952 0.111111111111111 1.06349206349206
88 0.0952380952380952 0.0952380952380952 0.968253968253968
88.13 0.0952380952380952 0.111111111111111 1.06349206349206
88.3 0.126984126984127 0.19047619047619 1.06349206349206
88.36 0.111111111111111 0.19047619047619 1
88.5 0.0634920634920635 0.126984126984127 0.984126984126984
88.56 0.111111111111111 0.19047619047619 1.07936507936508
88.63 0.0952380952380952 0.206349206349206 1.01587301587302
88.73 0.0793650793650794 0.158730158730159 0.952380952380952
88.8 0.0952380952380952 0.0793650793650794 0.984126984126984
88.9 0.0952380952380952 0.0793650793650794 1.04761904761905
88.96 0.126984126984127 0.142857142857143 1.06349206349206
89.03 0.111111111111111 0.0793650793650794 1
89.16 0.111111111111111 0.111111111111111 1.06349206349206
89.26 0.126984126984127 0.19047619047619 1.11111111111111
89.3 0.111111111111111 0.19047619047619 1.04761904761905
89.4 0.0952380952380952 0.174603174603175 0.968253968253968
89.53 0.126984126984127 0.206349206349206 1.04761904761905
89.63 0.0793650793650794 0.19047619047619 0.968253968253968
89.73 0.0793650793650794 0.126984126984127 0.984126984126984
89.83 0.111111111111111 0.0476190476190476 1.03174603174603
89.9 0.111111111111111 0.111111111111111 1.06349206349206
89.96 0.111111111111111 0.174603174603175 1.06349206349206
90.06 0.0793650793650794 0.206349206349206 0.968253968253968
90.1 0.0952380952380952 0.0793650793650794 1.04761904761905
90.23 0.126984126984127 0.158730158730159 1.04761904761905
90.3 0.0634920634920635 0.206349206349206 1.01587301587302
90.4 0.0793650793650794 0.19047619047619 0.952380952380952
90.46 0.0952380952380952 0.158730158730159 1.01587301587302
90.5 0.0793650793650794 0.126984126984127 0.936507936507937
90.56 0.111111111111111 0.0952380952380952 1
90.6 0.0793650793650794 0.206349206349206 1
90.76 0.0952380952380952 0.126984126984127 1
90.83 0.0952380952380952 0.0634920634920635 1.01587301587302
91 0.0793650793650794 0.142857142857143 1.04761904761905
91.1 0.0952380952380952 0.206349206349206 1.04761904761905
91.13 0.0952380952380952 0.0793650793650794 1.01587301587302
91.2 0.111111111111111 0.0952380952380952 1.07936507936508
91.23 0.111111111111111 0.126984126984127 1.01587301587302
91.33 0.0952380952380952 0.19047619047619 1.01587301587302
91.53 0.0793650793650794 0.126984126984127 0.968253968253968
91.66 0.111111111111111 0.19047619047619 1.03174603174603
91.73 0.0952380952380952 0.19047619047619 0.968253968253968
91.76 0.111111111111111 0.0793650793650794 1.01587301587302
91.8 0.0793650793650794 0.142857142857143 1.01587301587302
92.2 0.0952380952380952 0.142857142857143 1.03174603174603
92.6 0.111111111111111 0.142857142857143 1
93 0.0952380952380952 0.142857142857143 1.01587301587302
93.4 0.0952380952380952 0.158730158730159 1.01587301587302
93.8 0.0952380952380952 0.142857142857143 1.03174603174603
94.2 0.0952380952380952 0.142857142857143 1
94.6 0.0952380952380952 0.142857142857143 1.01587301587302
94.7 -0.0317460317460317 -0.111111111111111 1.41269841269841
94.73 -0.349206349206349 -0.253968253968254 2.01587301587302
94.76 0.507936507936508 0.158730158730159 -0.0317460317460317
94.8 0.587301587301587 0.682539682539683 2.01587301587302
94.83 -0.349206349206349 -0.174603174603175 1.68253968253968
94.86 0.476190476190476 -0.0317460317460317 -0.0476190476190476
94.9 0.571428571428571 0.650793650793651 0.253968253968254
94.93 -0.285714285714286 0.349206349206349 2.01587301587302
94.96 -0.26984126984127 -0.142857142857143 1.82539682539683
95 0.428571428571429 -0.0634920634920635 0.412698412698413
95.03 0.571428571428571 0.650793650793651 0.0158730158730159
95.06 -0.111111111111111 0.412698412698413 1.98412698412698
95.1 -0.380952380952381 -0.0476190476190476 1.93650793650794
95.13 0.396825396825397 -0.0634920634920635 0.126984126984127
95.16 0.603174603174603 0.714285714285714 -0.0634920634920635
95.2 -0.349206349206349 0.365079365079365 2.01587301587302
95.23 -0.333333333333333 -0.19047619047619 1.61904761904762
95.26 0.634920634920635 0.111111111111111 -0.142857142857143
95.3 0.349206349206349 0.650793650793651 0.80952380952381
95.33 -0.396825396825397 -0.142857142857143 1
95.36 0.698412698412698 0.476190476190476 -0.396825396825397
95.4 0.0158730158730159 0.650793650793651 1.50793650793651
95.43 -0.492063492063492 -0.0634920634920635 2.01587301587302
95.46 0.317460317460317 -0.0476190476190476 0.19047619047619
95.5 0.603174603174603 0.650793650793651 0.0952380952380952
95.53 -0.396825396825397 0.349206349206349 2.01587301587302
95.56 -0.142857142857143 -0.206349206349206 1.42857142857143
95.6 0.634920634920635 0.222222222222222 0
95.63 0.285714285714286 0.634920634920635 0.968253968253968
95.66 -0.428571428571429 0.111111111111111 2.01587301587302
95.7 0.0793650793650794 -0.174603174603175 1.04761904761905
95.73 0.698412698412698 0.444444444444444 -0.380952380952381
95.76 0.0158730158730159 0.650793650793651 1.52380952380952
95.8 -0.492063492063492 -0.0793650793650794 2.01587301587302
95.83 0.333333333333333 -0.0158730158730159 0.126984126984127
95.86 -0.412698412698413 0.126984126984127 2.01587301587302
95.9 0.0793650793650794 -0.222222222222222 1.20634920634921
95.93 0.682539682539683 0.365079365079365 -0.158730158730159
95.96 0.142857142857143 0.603174603174603 1.22222222222222
96 -0.476190476190476 0.0476190476190476 2.01587301587302
96.03 0.253968253968254 -0.126984126984127 0.476190476190476
96.06 0.682539682539683 0.650793650793651 -0.222222222222222
96.1 -0.317460317460317 0.380952380952381 2.01587301587302
96.13 -0.317460317460317 -0.158730158730159 1.63492063492063
96.16 0.634920634920635 0.142857142857143 -0.222222222222222
96.2 0.26984126984127 0.650793650793651 1.04761904761905
96.23 -0.412698412698413 0.0317460317460317 2.01587301587302
96.26 0.19047619047619 -0.19047619047619 0.952380952380952
96.3 0.650793650793651 0.476190476190476 -0.126984126984127
96.33 -0.0158730158730159 0.476190476190476 1.73015873015873
96.36 -0.396825396825397 -0.0158730158730159 2.01587301587302
96.4 0.365079365079365 0.698412698412698 0.73015873015873
96.43 -0.523809523809524 0.158730158730159 2.01587301587302
96.46 0.206349206349206 -0.222222222222222 0.746031746031746
96.5 0.666666666666667 0.523809523809524 -0.0634920634920635
96.53 -0.0952380952380952 0.396825396825397 1.95238095238095
96.56 -0.285714285714286 -0.0793650793650794 1.96825396825397
96.6 0.428571428571429 0.0476190476190476 0.206349206349206
96.63 0.476190476190476 0.73015873015873 0.174603174603175
96.66 -0.444444444444444 0.238095238095238 2.01587301587302
96.7 -0.111111111111111 -0.158730158730159 1.0952380952381
96.73 0.698412698412698 0.444444444444444 -0.507936507936508
96.76 -0.0158730158730159 0.587301587301587 1.6984126984127
96.8 -0.476190476190476 -0.111111111111111 2.01587301587302
96.83 0.476190476190476 -0.0476190476190476 0.158730158730159
96.86 0.492063492063492 0.206349206349206 2.01587301587302
96.9 -0.333333333333333 0.206349206349206 1.19047619047619
96.93 0.714285714285714 0.428571428571429 -0.46031746031746
96.96 0 0.650793650793651 1.55555555555556
97 -0.492063492063492 -0.0793650793650794 2.01587301587302
97.03 0.396825396825397 0 0
97.06 0.507936507936508 0.666666666666667 0.380952380952381
97.1 -0.46031746031746 0.222222222222222 2.01587301587302
97.13 0.0476190476190476 -0.253968253968254 1.12698412698413
97.16 0.682539682539683 0.396825396825397 -0.0793650793650794
97.2 0.0793650793650794 0.53968253968254 1.53968253968254
97.23 -0.380952380952381 0 2.01587301587302
97.26 0.333333333333333 -0.0317460317460317 0.412698412698413
97.3 0.619047619047619 0.73015873015873 -0.111111111111111
97.33 -0.396825396825397 0.333333333333333 2.01587301587302
97.36 -0.238095238095238 -0.126984126984127 1.31746031746032
97.4 0.650793650793651 0.349206349206349 -0.428571428571429
97.43 -0.301587301587302 -0.126984126984127 1.96825396825397
97.46 0.428571428571429 0.0158730158730159 0.380952380952381
97.5 0.507936507936508 0.682539682539683 0.222222222222222
97.53 -0.365079365079365 0.222222222222222 2.01587301587302
97.56 -0.111111111111111 -0.126984126984127 1.26984126984127
97.6 0.714285714285714 0.365079365079365 -0.571428571428571
97.63 0.0793650793650794 0.666666666666667 1.46031746031746
97.66 -0.507936507936508 -0.0476190476190476 2.01587301587302
97.7 0.396825396825397 -0.0317460317460317 0.0793650793650794
97.73 0.507936507936508 0.650793650793651 0.380952380952381
97.76 -0.428571428571429 0.222222222222222 2.01587301587302
97.8 0.0317460317460317 -0.253968253968254 1.25396825396825
97.83 0.682539682539683 0.333333333333333 -0.0793650793650794
97.86 0.0793650793650794 0.555555555555556 1.38095238095238
97.9 -0.428571428571429 0.0158730158730159 2.01587301587302
97.93 0.349206349206349 -0.0476190476190476 0.301587301587302
97.96 -0.507936507936508 0.174603174603175 2.01587301587302
98 0.158730158730159 -0.174603174603175 0.73015873015873
98.03 0.666666666666667 0.523809523809524 -0.0952380952380952
98.06 -0.158730158730159 0.380952380952381 2.01587301587302
98.1 -0.222222222222222 -0.158730158730159 1.77777777777778
98.13 0.571428571428571 0.158730158730159 0.0158730158730159
98.16 0.317460317460317 0.714285714285714 0.666666666666667
98.2 -0.507936507936508 0.126984126984127 2.01587301587302
98.23 0.19047619047619 -0.142857142857143 0.587301587301587
98.26 0.650793650793651 0.682539682539683 -0.238095238095238
98.3 -0.380952380952381 0.365079365079365 2.01587301587302
98.33 -0.206349206349206 -0.142857142857143 1.25396825396825
98.36 0.698412698412698 0.301587301587302 -0.206349206349206
98.4 0.0158730158730159 0.53968253968254 1.66666666666667
98.43 -0.349206349206349 -0.126984126984127 2.01587301587302
98.46 0.412698412698413 0 0.253968253968254
98.5 -0.507936507936508 0.222222222222222 2.01587301587302
98.53 0.0158730158730159 -0.142857142857143 0.80952380952381
98.56 0.682539682539683 0.587301587301587 -0.380952380952381
98.6 -0.26984126984127 0.492063492063492 2.01587301587302
98.63 -0.301587301587302 -0.19047619047619 1.57142857142857
98.66 0.619047619047619 0.158730158730159 -0.0634920634920635
98.7 0.206349206349206 0.650793650793651 1.22222222222222
98.73 -0.396825396825397 0.0158730158730159 2.01587301587302
98.76 0.238095238095238 -0.0793650793650794 0.714285714285714
98.8 0.634920634920635 0.634920634920635 -0.126984126984127
98.83 -0.285714285714286 0.365079365079365 2.01587301587302
98.86 -0.253968253968254 -0.111111111111111 1.50793650793651
98.9 0.650793650793651 0.317460317460317 -0.507936507936508
98.93 0.111111111111111 0.666666666666667 1.36507936507937
98.96 -0.507936507936508 -0.0793650793650794 2.01587301587302
99 0.365079365079365 0.666666666666667 0.73015873015873
99.03 -0.444444444444444 0.111111111111111 2.01587301587302
99.06 0.126984126984127 -0.111111111111111 0.888888888888889
99.1 0.682539682539683 0.603174603174603 -0.317460317460317
99.13 -0.253968253968254 0.444444444444444 2.01587301587302
99.16 -0.301587301587302 -0.126984126984127 1.58730158730159
99.2 0.634920634920635 0.301587301587302 -0.476190476190476
99.23 0.111111111111111 0.619047619047619 1.47619047619048
99.26 -0.46031746031746 -0.0793650793650794 2.01587301587302
99.3 0.492063492063492 -0.0634920634920635 0.174603174603175
99.33 0.444444444444444 0.698412698412698 0.523809523809524
99.36 -0.380952380952381 0.158730158730159 2.01587301587302
99.4 0.0634920634920635 -0.158730158730159 1.20634920634921
99.43 0.682539682539683 0.46031746031746 -0.26984126984127
99.46 -0.0476190476190476 0.587301587301587 1.65079365079365
99.5 -0.412698412698413 -0.0634920634920635 2
99.53 0.174603174603175 0.634920634920635 1.34920634920635
99.56 -0.444444444444444 -0.0634920634920635 2.01587301587302
99.6 0.380952380952381 -0.0952380952380952 0.444444444444444
99.63 0.53968253968254 0.650793650793651 0.317460317460317
99.66 -0.349206349206349 0.19047619047619 2.01587301587302
99.7 -0.0317460317460317 -0.158730158730159 1.28571428571429
99.73 0.714285714285714 0.396825396825397 -0.365079365079365
99.76 -0.0317460317460317 0.634920634920635 1.6031746031746
99.8 -0.444444444444444 -0.0952380952380952 2.01587301587302
99.83 0.507936507936508 0.142857142857143 -0.285714285714286
99.86 0.333333333333333 0.682539682539683 0.904761904761905
99.9 -0.523809523809524 0.0317460317460317 2.01587301587302
99.93 0.349206349206349 -0.142857142857143 0.396825396825397
99.96 0.571428571428571 0.666666666666667 0.222222222222222
100 -0.349206349206349 0.238095238095238 2.01587301587302
100.03 -0.0476190476190476 -0.158730158730159 -0.507936507936508
100.06 -0.0952380952380952 0.603174603174603 1.85714285714286
100.1 -0.444444444444444 -0.142857142857143 2.01587301587302
100.13 0.571428571428571 0.158730158730159 -0.317460317460317
100.16 0.253968253968254 0.666666666666667 1.12698412698413
100.2 -0.476190476190476 0 2.01587301587302
100.23 0.349206349206349 -0.142857142857143 0.523809523809524
100.26 0.571428571428571 0.650793650793651 0.206349206349206
100.3 -0.26984126984127 -0.0317460317460317 2.01587301587302
100.33 -0.0952380952380952 0.111111111111111 1.92063492063492
100.36 0 0.206349206349206 0.825396825396825
100.4 0 0.222222222222222 0.936507936507937
100.46 0.0793650793650794 0.301587301587302 0.984126984126984
100.86 0.0634920634920635 0.253968253968254 1
101.26 0.0793650793650794 0.238095238095238 0.984126984126984
101.66 0.0793650793650794 0.253968253968254 1
102.06 0.0793650793650794 0.253968253968254 0.968253968253968
102.46 0.0476190476190476 0.26984126984127 1
102.86 0.0793650793650794 0.253968253968254 0.984126984126984
103.16 0 0.285714285714286 0.936507936507937
103.2 0.126984126984127 0.333333333333333 1.26984126984127
103.23 0.126984126984127 0.333333333333333 0.714285714285714
103.26 0.19047619047619 0.238095238095238 0.492063492063492
103.3 0.142857142857143 0.349206349206349 0.682539682539683
103.33 0.174603174603175 0.365079365079365 0.80952380952381
103.36 0.174603174603175 0.365079365079365 1.03174603174603
103.4 0.126984126984127 0.365079365079365 1.20634920634921
103.43 0.111111111111111 0.380952380952381 1.33333333333333
103.46 0.0317460317460317 0.365079365079365 1.42857142857143
103.5 0 0.365079365079365 1.52380952380952
103.53 -0.0317460317460317 0.285714285714286 1.58730158730159
103.6 -0.0476190476190476 0.238095238095238 1.36507936507937
103.63 0.206349206349206 0.365079365079365 0.80952380952381
103.66 0.158730158730159 0.333333333333333 0.952380952380952
103.7 0.142857142857143 0.365079365079365 1.0952380952381
103.73 0.0952380952380952 0.380952380952381 1.28571428571429
103.76 0.0476190476190476 0.365079365079365 1.3968253968254
103.8 0 0.349206349206349 1.52380952380952
103.83 -0.0317460317460317 0.317460317460317 1.6031746031746
103.9 -0.0476190476190476 0.26984126984127 1.50793650793651
103.93 -0.0317460317460317 0.222222222222222 1.3968253968254
103.96 -0.0317460317460317 0.222222222222222 1.23809523809524
104 -0.0476190476190476 0.174603174603175 1.07936507936508
104.03 0 0.174603174603175 0.888888888888889
104.06 0.0158730158730159 0.174603174603175 0.777777777777778
104.1 0.0476190476190476 0.158730158730159 0.634920634920635
104.13 0.0317460317460317 0.380952380952381 1.44444444444444
104.2 0.0158730158730159 0.349206349206349 1.6031746031746
104.26 -0.0476190476190476 0.253968253968254 1.53968253968254
104.3 -0.0476190476190476 0.222222222222222 1.44444444444444
104.33 -0.0476190476190476 0.206349206349206 1.33333333333333
104.36 -0.0317460317460317 0.174603174603175 1.11111111111111
104.4 0 0.174603174603175 0.984126984126984
104.43 0.0317460317460317 0.142857142857143 0.825396825396825
104.46 0.0476190476190476 0.126984126984127 0.650793650793651
104.5 0.0952380952380952 0.126984126984127 0.523809523809524
104.53 0.158730158730159 0.158730158730159 0.396825396825397
104.56 0.158730158730159 0.238095238095238 0.349206349206349
104.6 0.19047619047619 0.26984126984127 0.476190476190476
104.63 -0.0634920634920635 0.238095238095238 1.41269841269841
104.66 -0.0317460317460317 0.19047619047619 1.26984126984127
104.7 -0.0158730158730159 0.174603174603175 1.0952380952381
104.73 -0.0158730158730159 0.174603174603175 0.920634920634921
104.76 0.0317460317460317 0.142857142857143 0.746031746031746
104.8 0.0634920634920635 0.142857142857143 0.619047619047619
104.83 0.111111111111111 0.158730158730159 0.46031746031746
104.86 0.142857142857143 0.222222222222222 0.412698412698413
104.9 0.174603174603175 0.285714285714286 0.428571428571429
104.93 0.19047619047619 0.301587301587302 0.492063492063492
104.96 0.206349206349206 0.333333333333333 0.634920634920635
105 0.174603174603175 0.333333333333333 0.793650793650794
105.03 0.142857142857143 0.349206349206349 1
105.06 0.111111111111111 0.349206349206349 1.17460317460317
105.1 0.0793650793650794 0.380952380952381 1.31746031746032
105.13 0.0952380952380952 0.206349206349206 0.46031746031746
105.16 0.126984126984127 0.238095238095238 0.396825396825397
105.23 0.19047619047619 0.285714285714286 0.444444444444444
105.26 0.174603174603175 0.301587301587302 0.53968253968254
105.3 0.19047619047619 0.317460317460317 0.666666666666667
105.33 0.142857142857143 0.333333333333333 0.857142857142857
105.36 0.142857142857143 0.333333333333333 1.06349206349206
105.4 0.0793650793650794 0.333333333333333 1.23809523809524
105.43 0.0634920634920635 0.349206349206349 1.41269841269841
105.46 0.0317460317460317 0.349206349206349 1.53968253968254
105.5 0 0.301587301587302 1.6031746031746
105.56 -0.0476190476190476 0.253968253968254 1.53968253968254
105.6 -0.0476190476190476 0.206349206349206 1.41269841269841
105.63 -0.0476190476190476 0.19047619047619 1.20634920634921
105.66 0.142857142857143 0.333333333333333 1.04761904761905
105.7 0.111111111111111 0.349206349206349 1.22222222222222
105.73 0.0793650793650794 0.365079365079365 1.36507936507937
105.76 0.0634920634920635 0.365079365079365 1.46031746031746
105.8 0.0476190476190476 0.349206349206349 1.58730158730159
105.86 -0.0476190476190476 0.285714285714286 1.58730158730159
105.9 -0.0634920634920635 0.238095238095238 1.50793650793651
105.93 -0.0476190476190476 0.222222222222222 1.34920634920635
105.96 -0.0158730158730159 0.174603174603175 1.14285714285714
106 0 0.174603174603175 0.968253968253968
106.03 0.0476190476190476 0.142857142857143 0.746031746031746
106.06 0.0793650793650794 0.142857142857143 0.603174603174603
106.1 0.111111111111111 0.158730158730159 0.476190476190476
106.13 0.126984126984127 0.19047619047619 0.396825396825397
106.16 -0.0317460317460317 0.301587301587302 1.65079365079365
106.2 -0.0634920634920635 0.26984126984127 1.57142857142857
106.23 -0.0476190476190476 0.238095238095238 1.50793650793651
106.26 -0.0476190476190476 0.222222222222222 1.33333333333333
106.3 -0.0317460317460317 0.206349206349206 1.12698412698413
106.33 -0.0158730158730159 0.19047619047619 0.920634920634921
106.36 0.0158730158730159 0.158730158730159 0.746031746031746
106.4 0.0476190476190476 0.158730158730159 0.587301587301587
106.43 0.0793650793650794 0.158730158730159 0.444444444444444
106.5 0.158730158730159 0.238095238095238 0.380952380952381
106.56 0.206349206349206 0.285714285714286 0.492063492063492
106.6 0.19047619047619 0.285714285714286 0.587301587301587
106.63 0.174603174603175 0.317460317460317 0.793650793650794
106.66 0.142857142857143 0.317460317460317 0.873015873015873
106.7 0.0476190476190476 0.174603174603175 0.698412698412698
106.73 0.0634920634920635 0.19047619047619 0.523809523809524
106.76 0.0793650793650794 0.206349206349206 0.46031746031746
106.8 0.126984126984127 0.206349206349206 0.380952380952381
106.86 0.19047619047619 0.222222222222222 0.365079365079365
106.93 0.206349206349206 0.26984126984127 0.523809523809524
106.96 0.174603174603175 0.26984126984127 0.682539682539683
107 0.142857142857143 0.285714285714286 0.920634920634921
107.03 0.126984126984127 0.333333333333333 1.12698412698413
107.06 0.126984126984127 0.365079365079365 1.28571428571429
107.1 0.111111111111111 0.365079365079365 1.42857142857143
107.13 0.0634920634920635 0.396825396825397 1.52380952380952
107.16 0.0158730158730159 0.365079365079365 1.6031746031746
107.2 0.19047619047619 0.206349206349206 0.333333333333333
107.26 0.19047619047619 0.26984126984127 0.507936507936508
107.3 0.174603174603175 0.285714285714286 0.73015873015873
107.33 0.142857142857143 0.333333333333333 1
107.36 0.111111111111111 0.380952380952381 1.20634920634921
107.4 0.0952380952380952 0.396825396825397 1.34920634920635
107.43 0.0952380952380952 0.380952380952381 1.46031746031746
107.46 0.0158730158730159 0.380952380952381 1.53968253968254
107.5 0 0.349206349206349 1.63492063492063
107.56 -0.0793650793650794 0.285714285714286 1.61904761904762
107.6 -0.0634920634920635 0.253968253968254 1.49206349206349
107.63 -0.0634920634920635 0.206349206349206 1.25396825396825
107.66 -0.0317460317460317 0.206349206349206 1.06349206349206
107.7 -0.0158730158730159 0.380952380952381 1.07936507936508
107.73 0.126984126984127 0.365079365079365 1.25396825396825
107.8 0.0317460317460317 0.380952380952381 1.42857142857143
107.83 0 0.333333333333333 1.53968253968254
107.86 -0.0158730158730159 0.317460317460317 1.61904761904762
107.93 -0.0317460317460317 0.253968253968254 1.47619047619048
107.96 -0.0634920634920635 0.253968253968254 1.36507936507937
108 -0.0317460317460317 0.19047619047619 1.19047619047619
108.03 -0.0158730158730159 0.206349206349206 1.03174603174603
108.06 0.0158730158730159 0.174603174603175 0.857142857142857
108.1 0.0476190476190476 0.174603174603175 0.73015873015873
108.13 0.0476190476190476 0.174603174603175 0.619047619047619
108.16 0.0952380952380952 0.158730158730159 0.492063492063492
108.2 0.126984126984127 0.126984126984127 0.428571428571429
108.23 0 0.333333333333333 1.63492063492063
108.3 -0.0634920634920635 0.253968253968254 1.49206349206349
108.33 -0.0476190476190476 0.222222222222222 1.31746031746032
108.36 -0.0317460317460317 0.206349206349206 1.0952380952381
108.4 0.0158730158730159 0.19047619047619 0.904761904761905
108.43 0.0476190476190476 0.19047619047619 0.714285714285714
108.46 0.0634920634920635 0.142857142857143 0.603174603174603
108.5 0.111111111111111 0.126984126984127 0.492063492063492
108.53 0.126984126984127 0.158730158730159 0.349206349206349
108.6 0.19047619047619 0.26984126984127 0.365079365079365
108.63 0.206349206349206 0.301587301587302 0.507936507936508
108.66 0.19047619047619 0.317460317460317 0.682539682539683
108.7 0.174603174603175 0.349206349206349 0.857142857142857
108.73 0.158730158730159 0.365079365079365 0.968253968253968
108.76 0.0158730158730159 0.174603174603175 0.825396825396825
108.8 0.0476190476190476 0.158730158730159 0.682539682539683
108.83 0.0634920634920635 0.206349206349206 1.14285714285714
108.86 0.0952380952380952 0.285714285714286 1.01587301587302
109.13 0.0634920634920635 0.26984126984127 0.952380952380952
109.53 0.0634920634920635 0.26984126984127 0.984126984126984
109.93 0.0634920634920635 0.253968253968254 0.968253968253968
110.33 0.0476190476190476 0.285714285714286 0.952380952380952
110.73 0.0634920634920635 0.285714285714286 0.984126984126984
111.13 0.0476190476190476 0.26984126984127 0.984126984126984
111.53 0.0634920634920635 0.253968253968254 1
111.66 0.142857142857143 0.238095238095238 1.0952380952381
111.7 0.206349206349206 0.111111111111111 1.33333333333333
111.73 0.0952380952380952 0.285714285714286 0.904761904761905
111.76 0.0634920634920635 0.174603174603175 0.936507936507937
111.8 0.111111111111111 0.174603174603175 1.03174603174603
111.86 0.0317460317460317 0.19047619047619 1.01587301587302
112 0.0793650793650794 0.206349206349206 1.0952380952381
112.2 0.0634920634920635 0.126984126984127 1.04761904761905
112.26 0.0952380952380952 0.0793650793650794 1.12698412698413
112.33 0.111111111111111 0.19047619047619 1.11111111111111
112.4 0.0793650793650794 0.301587301587302 1.04761904761905
112.46 0.0317460317460317 0.301587301587302 0.984126984126984
112.53 0.0476190476190476 0.238095238095238 0.984126984126984
112.56 0.0476190476190476 0.174603174603175 1.01587301587302
112.63 0.126984126984127 0.142857142857143 1.12698412698413
112.7 0.0952380952380952 0.222222222222222 1.11111111111111
112.83 0.0634920634920635 0.126984126984127 1.06349206349206
112.93 0.111111111111111 0.142857142857143 1.12698412698413
112.96 0.0952380952380952 0.206349206349206 1.11111111111111
113 0.111111111111111 0.285714285714286 1.01587301587302
113.1 0.0476190476190476 0.26984126984127 1
113.16 0.0634920634920635 0.19047619047619 1.01587301587302
113.23 0.0952380952380952 0.111111111111111 1.0952380952381
113.3 0.111111111111111 0.19047619047619 1.11111111111111
113.36 0.0634920634920635 0.253968253968254 1.11111111111111
113.46 0.0793650793650794 0.126984126984127 1.04761904761905
113.56 0.0634920634920635 0.285714285714286 0.936507936507937
113.63 0.111111111111111 0.238095238095238 1.01587301587302
113.76 0.0476190476190476 0.19047619047619 1.06349206349206
113.83 0.0793650793650794 0.111111111111111 1.03174603174603
113.86 0.111111111111111 0.126984126984127 1.0952380952381
113.93 0.111111111111111 0.19047619047619 1.14285714285714
114 0.0634920634920635 0.253968253968254 1.11111111111111
114.03 0.0476190476190476 0.253968253968254 1.03174603174603
114.06 0.0317460317460317 0.206349206349206 0.873015873015873
114.1 0.0476190476190476 0.365079365079365 0.857142857142857
114.13 0.0317460317460317 0.301587301587302 0.888888888888889
114.16 0.0634920634920635 0.238095238095238 0.968253968253968
114.23 0.0952380952380952 0.206349206349206 1.03174603174603
114.3 0.0793650793650794 0.253968253968254 1.0952380952381
114.4 0.0476190476190476 0.174603174603175 1.07936507936508
114.46 0.0952380952380952 0.0952380952380952 1.07936507936508
114.53 0.111111111111111 0.142857142857143 1.17460317460317
114.6 0.0793650793650794 0.26984126984127 1.11111111111111
114.63 0.0634920634920635 0.333333333333333 0.936507936507937
114.76 0.0634920634920635 0.222222222222222 0.936507936507937
114.8 0.0793650793650794 0.174603174603175 1.01587301587302
114.83 0.111111111111111 0.174603174603175 1.07936507936508
114.96 0.0634920634920635 0.238095238095238 1.07936507936508
115.03 0.0634920634920635 0.142857142857143 1.0952380952381
115.1 0.0952380952380952 0.0634920634920635 1.14285714285714
115.13 0.0634920634920635 0.349206349206349 0.888888888888889
115.2 0.0634920634920635 0.301587301587302 0.984126984126984
115.36 0.0634920634920635 0.206349206349206 1
115.4 0.0793650793650794 0.142857142857143 1.01587301587302
115.43 0.111111111111111 0.126984126984127 1.0952380952381
115.5 0.126984126984127 0.19047619047619 1.12698412698413
115.56 0.0634920634920635 0.253968253968254 1.11111111111111
115.63 0.0476190476190476 0.19047619047619 1.11111111111111
115.66 0.0317460317460317 0.380952380952381 0.80952380952381
115.7 0.0317460317460317 0.317460317460317 0.857142857142857
115.73 0.0634920634920635 0.301587301587302 0.920634920634921
115.76 0.0952380952380952 0.238095238095238 1
115.9 0.0634920634920635 0.238095238095238 1.07936507936508
115.96 0.0476190476190476 0.142857142857143 1.04761904761905
116.03 0.111111111111111 0.0952380952380952 1.12698412698413
116.1 0.126984126984127 0.174603174603175 1.15873015873016
116.13 0.0952380952380952 0.238095238095238 1.14285714285714
116.16 0.0634920634920635 0.333333333333333 0.920634920634921
116.23 0.0476190476190476 0.349206349206349 0.857142857142857
116.3 0.0476190476190476 0.301587301587302 0.920634920634921
116.33 0.0634920634920635 0.222222222222222 0.952380952380952
116.36 0.0952380952380952 0.19047619047619 1.01587301587302
116.43 0.126984126984127 0.19047619047619 1.11111111111111
116.5 0.0634920634920635 0.222222222222222 1.06349206349206
116.6 0.0634920634920635 0.111111111111111 1.11111111111111
