2 953.125 2 1828.125
6 812.5 6 1750
5 734.375 5 3828.125
1 796.875 1 2281.25
6 812.5 6 1937.5
1 796.875 1 1828.125
0 953.125 0 2406.25
2 953.125 2 1843.75
4 765.625 4 1671.875
1 812.5 1 1890.625
5 734.375 5 3171.875
5 750 5 3906.25
3 796.875 3 1640.625
0 953.125 0 2046.875
3 796.875 3 1562.5
2 937.5 2 1562.5
5 734.375 5 1859.375
6 796.875 6 2234.375
0 937.5 0 2109.375
2 953.125 2 1406.25
0 937.5 0 2421.875
5 750 5 1921.875
0 953.125 0 3390.625
6 812.5 6 1609.375
1 812.5 1 1921.875
2 953.125 2 2234.375
2 953.125 2 1578.125
4 765.625 4 2078.125
0 953.125 0 2312.5
1 812.5 1 2171.875
2 953.125 2 1281.25
0 953.125 5 2046.875
2 953.125 2 1359.375
5 734.375 5 2156.25
4 765.625 4 2625
3 796.875 3 1437.5
2 953.125 2 1359.375
6 796.875 6 1937.5
4 765.625 4 1734.375
1 812.5 1 1515.625
4 765.625 4 1859.375
1 796.875 1 1593.75
0 953.125 0 2890.625
2 937.5 2 1375
1 796.875 1 2312.5
0 953.125 0 3578.125
5 750 5 1625
4 765.625 4 2171.875
5 734.375 5 1937.5
6 796.875 6 1515.625
0 937.5 0 1953.125
5 734.375 5 1765.625
4 765.625 4 1765.625
4 765.625 4 2046.875
6 796.875 6 2390.625
6 812.5 6 1781.25
6 796.875 6 1421.875
4 765.625 4 1968.75
5 750 5 1906.25
6 796.875 6 2078.125
3 812.5 3 1859.375
3 812.5 3 1656.25
4 781.25 4 2015.625
3 812.5 3 1640.625
1 812.5 1 1875
1 812.5 1 1531.25
3 812.5 3 1578.125
3 796.875 3 1390.625
3 796.875 3 1375
3 812.5 3 1421.875
