4 765.625 4 3593.75
0 921.875 0 1921.875
1 796.875 1 1984.375
3 796.875 3 2296.875
0 953.125 5 2281.25
1 796.875 1 1546.875
0 937.5 5 5359.375
1 796.875 1 1359.375
4 765.625 4 3468.75
4 765.625 6 1875
1 796.875 1 1421.875
2 953.125 5 3625
2 937.5 2 3546.875
4 765.625 4 3281.25
2 937.5 2 1640.625
4 765.625 4 1828.125
4 765.625 5 2343.75
5 750 5 2484.375
6 812.5 6 3437.5
6 796.875 6 2781.25
0 953.125 0 3265.625
1 796.875 1 1421.875
1 796.875 1 1437.5
6 796.875 4 5421.875
1 812.5 1 1234.375
6 796.875 6 2312.5
4 765.625 5 2531.25
4 781.25 4 2453.125
6 812.5 6 2281.25
1 796.875 1 2484.375
3 812.5 3 1453.125
1 796.875 1 1281.25
2 953.125 2 1640.625
2 953.125 2 1453.125
0 953.125 0 2250
6 812.5 6 2609.375
5 750 5 2468.75
0 953.125 0 1750
6 796.875 6 1625
6 796.875 6 1593.75
1 796.875 1 1281.25
4 781.25 0 2000
0 953.125 0 1828.125
5 750 0 1921.875
4 781.25 5 3015.625
3 812.5 3 1906.25
6 812.5 0 1562.5
0 953.125 0 3390.625
0 937.5 0 1703.125
3 812.5 3 1625
0 937.5 0 3859.375
3 812.5 3 1546.875
5 734.375 5 1890.625
2 953.125 2 1500
3 812.5 3 1453.125
3 812.5 3 1187.5
2 953.125 2 1359.375
3 812.5 3 1093.75
6 796.875 6 2046.875
3 796.875 3 1156.25
5 750 5 2578.125
5 750 5 3265.625
2 953.125 2 1281.25
5 734.375 4 3484.375
3 796.875 3 1187.5
5 734.375 5 4625
5 734.375 5 3250
5 750 5 2515.625
2 937.5 2 1250
2 953.125 2 1187.5
