6 796.875 6 2828.125
6 796.875 6 2140.625
1 796.875 1 4015.625
6 796.875 5 3578.125
5 718.75 5 4265.625
3 796.875 3 3171.875
5 734.375 5 2593.75
6 796.875 6 4125
3 796.875 3 2718.75
6 796.875 6 2921.875
1 812.5 1 1968.75
4 765.625 4 4000
2 968.75 2 1875
2 968.75 2 1937.5
0 968.75 0 2078.125
2 968.75 2 2093.75
2 968.75 2 1609.375
0 953.125 0 1828.125
1 812.5 1 2015.625
5 750 5 3062.5
4 765.625 6 4421.875
6 812.5 6 2906.25
4 765.625 5 3171.875
6 812.5 6 2625
3 812.5 3 2468.75
6 812.5 6 2406.25
0 953.125 0 1937.5
0 953.125 0 2015.625
0 953.125 0 1968.75
4 765.625 0 765.625
6 812.5 6 2015.625
6 796.875 6 2109.375
3 796.875 3 2250
0 968.75 0 1906.25
4 765.625 4 2265.625
0 968.75 0 1812.5
2 968.75 2 1687.5
5 750 3 4828.125
3 812.5 3 2156.25
0 953.125 0 1812.5
3 796.875 3 2109.375
2 968.75 2 1609.375
0 953.125 0 1875
0 968.75 0 2093.75
1 796.875 1 2140.625
5 750 5 2875
5 750 5 2953.125
5 734.375 5 2890.625
2 953.125 2 1687.5
3 812.5 3 1937.5
3 812.5 3 1875
2 968.75 2 2203.125
1 812.5 1 1984.375
3 796.875 3 1671.875
3 796.875 3 1703.125
5 750 5 2640.625
5 750 5 4531.25
2 968.75 2 1593.75
4 765.625 4 3750
5 734.375 6 2453.125
2 953.125 2 1453.125
1 796.875 1 1828.125
1 796.875 1 1796.875
4 765.625 4 2906.25
4 765.625 4 2203.125
1 796.875 1 2937.5
1 796.875 1 2421.875
1 796.875 1 2781.25
4 765.625 4 2406.25
4 765.625 4 2718.75
