5 812.5 5 1906.25
6 796.875 6 1640.625
1 796.875 1 2343.75
1 796.875 1 1765.625
4 750 4 2609.375
6 796.875 6 1671.875
2 968.75 2 1421.875
6 796.875 6 2531.25
6 812.5 6 1359.375
0 953.125 0 1500
3 812.5 3 1546.875
3 796.875 3 1406.25
6 796.875 6 1375
5 750 5 1671.875
3 796.875 3 1421.875
0 953.125 0 1390.625
4 765.625 4 2171.875
4 765.625 4 1765.625
3 812.5 3 1609.375
4 765.625 4 2500
4 750 4 1734.375
2 968.75 2 1546.875
1 812.5 1 1359.375
2 953.125 2 1625
1 796.875 1 1468.75
0 968.75 0 2187.5
0 953.125 0 1890.625
0 953.125 0 1968.75
6 796.875 6 2578.125
1 796.875 1 1515.625
5 765.625 5 2734.375
1 812.5 1 1640.625
4 765.625 4 1859.375
4 765.625 4 2000
1 796.875 1 1437.5
2 953.125 2 1468.75
5 765.625 5 2109.375
3 796.875 3 1890.625
2 953.125 2 1437.5
0 968.75 0 2234.375
3 796.875 3 1890.625
3 828.125 3 1718.75
1 796.875 1 1828.125
1 796.875 1 1828.125
0 968.75 0 1906.25
0 968.75 0 1968.75
0 968.75 0 1656.25
1 812.5 1 2531.25
2 953.125 2 1406.25
4 781.25 4 2125
4 765.625 4 1812.5
5 750 5 1968.75
3 796.875 3 1578.125
6 796.875 6 1812.5
2 953.125 2 1375
2 1062.5 2 1515.625
4 781.25 4 2093.75
6 796.875 6 2062.5
6 796.875 6 1531.25
5 750 5 2031.25
2 953.125 2 1421.875
0 968.75 0 2609.375
5 750 5 2296.875
5 750 5 1921.875
3 812.5 3 1890.625
2 984.375 2 2921.875
5 750 5 1765.625
5 750 5 1921.875
3 812.5 3 1531.25
6 796.875 6 1921.875
