3 812.5 3 2437.5
3 796.875 3 1671.875
4 781.25 4 2609.375
5 750 5 4578.125
1 796.875 1 1687.5
1 812.5 1 2593.75
5 750 5 4875
3 796.875 3 1828.125
4 781.25 4 2562.5
5 750 5 2937.5
6 796.875 6 2031.25
0 953.125 0 2750
2 937.5 2 1781.25
5 734.375 5 1781.25
1 796.875 1 2109.375
6 812.5 6 1718.75
1 796.875 1 1734.375
6 796.875 6 1859.375
2 953.125 2 1750
2 937.5 2 1750
2 953.125 2 1765.625
0 953.125 0 1984.375
4 765.625 4 5718.75
0 953.125 0 2078.125
2 937.5 2 1781.25
2 937.5 2 1671.875
3 812.5 3 2312.5
3 812.5 3 2078.125
2 937.5 2 1765.625
2 937.5 2 1734.375
1 812.5 1 1843.75
1 796.875 1 1796.875
3 796.875 3 2015.625
2 953.125 2 2250
1 796.875 1 2609.375
6 796.875 6 2000
4 765.625 4 3203.125
2 937.5 2 1828.125
0 937.5 0 1859.375
6 796.875 6 1781.25
4 781.25 4 1796.875
1 812.5 1 2046.875
0 953.125 0 2031.25
5 734.375 5 1812.5
3 796.875 3 1781.25
4 765.625 4 2015.625
5 734.375 5 4359.375
6 796.875 6 2734.375
0 953.125 0 1765.625
3 796.875 3 1953.125
3 796.875 3 2234.375
6 796.875 6 1953.125
1 796.875 1 1968.75
5 734.375 0 4734.375
4 765.625 4 2625
3 796.875 3 2031.25
5 734.375 5 5281.25
4 765.625 4 2328.125
0 953.125 0 2000
1 796.875 1 1843.75
5 750 5 2843.75
6 796.875 6 2218.75
6 796.875 6 2062.5
6 812.5 6 1984.375
5 734.375 5 1953.125
4 765.625 4 2625
4 781.25 4 2140.625
0 937.5 0 1859.375
0 937.5 0 1843.75
0 953.125 0 1718.75
