6 796.875 6 3187.5
6 812.5 6 2250
4 765.625 4 3265.625
2 937.5 2 2031.25
4 765.625 4 3250
0 937.5 0 4359.375
5 750 5 3437.5
3 796.875 4 4328.125
1 796.875 1 1984.375
5 750 5 3578.125
0 953.125 0 2546.875
0 953.125 0 2671.875
6 796.875 6 2328.125
1 796.875 1 1828.125
2 953.125 2 2125
3 796.875 3 5281.25
2 953.125 2 2140.625
2 937.5 2 1812.5
2 953.125 2 1937.5
6 796.875 6 2250
5 734.375 5 3468.75
4 765.625 4 4765.625
0 937.5 0 2328.125
1 796.875 1 1593.75
6 812.5 6 1937.5
3 796.875 3 2187.5
1 796.875 1 2296.875
6 796.875 6 2703.125
3 828.125 3 2578.125
6 796.875 6 3265.625
2 937.5 2 1828.125
4 781.25 3 2875
1 796.875 1 2765.625
3 812.5 3 2625
1 796.875 1 2062.5
0 953.125 5 4718.75
2 937.5 2 1937.5
1 796.875 1 1812.5
5 734.375 5 3296.875
1 812.5 1 2906.25
1 796.875 1 1546.875
5 734.375 
3 812.5 3 3296.875
3 796.875 3 3390.625
6 812.5 6 2312.5
6 796.875 6 2125
4 781.25 4 3546.875
4 765.625 4 2875
2 968.75 2 3015.625
3 796.875 4 3671.875
2 953.125 2 1640.625
5 750 0 2562.5
3 796.875 3 2828.125
2 953.125 2 1703.125
4 765.625 4 3687.5
1 796.875 1 1500
5 750 0 4015.625
6 796.875 6 2468.75
0 937.5 0 3812.5
3 796.875 4 4296.875
5 750 5 2593.75
0 953.125 0 2031.25
5 750 5 2687.5
0 937.5 0 2125
4 765.625 4 5265.625
0 937.5 0 2937.5
4 781.25 4 2093.75
0 953.125 0 2984.375
4 765.625 4 2062.5
5 750 5 2515.625
