15 16 18 147
15 16 29 412

11.432 0.158730158730159 0.0793650793650794 1.03174603174603
11.832 0.158730158730159 0.0476190476190476 1.01587301587302
12.232 0.142857142857143 0.0476190476190476 0.984126984126984
12.532 0.158730158730159 0.0476190476190476 1.04761904761905
12.932 0.158730158730159 0.0634920634920635 1.06349206349206
13.332 0.158730158730159 0.0793650793650794 1.01587301587302
13.732 0.158730158730159 0.0476190476190476 1.01587301587302
14.132 0.174603174603175 0.0793650793650794 1.04761904761905
14.532 0.158730158730159 0.0634920634920635 1.03174603174603
14.932 0.174603174603175 0.0793650793650794 1.03174603174603
15.332 0.158730158730159 0.0317460317460317 1.03174603174603
15.732 0.158730158730159 0.0634920634920635 1.04761904761905
16.132 0.158730158730159 0.0476190476190476 1.04761904761905
16.532 0.158730158730159 0.0634920634920635 1.04761904761905
16.932 0.158730158730159 0.0952380952380952 1.04761904761905
17.332 0.158730158730159 0.0634920634920635 1.03174603174603
17.732 0.158730158730159 0.0793650793650794 1.04761904761905
18.132 0.158730158730159 0.0634920634920635 1.03174603174603
18.532 0.158730158730159 0.0793650793650794 1.03174603174603
18.932 0.158730158730159 0.0793650793650794 1.03174603174603
19.332 0.158730158730159 0.0634920634920635 1.03174603174603
19.732 0.158730158730159 0.0634920634920635 1.04761904761905
20.032 0.158730158730159 0.158730158730159 1
20.099 0.158730158730159 0.126984126984127 1.06349206349206
20.199 0.158730158730159 0.0634920634920635 1
20.365 0.19047619047619 0.0476190476190476 1.06349206349206
20.432 0.158730158730159 0.111111111111111 1.06349206349206
20.532 0.158730158730159 0.0317460317460317 1.01587301587302
20.632 0.158730158730159 0.0952380952380952 1.06349206349206
20.765 0.174603174603175 0.0476190476190476 1
20.965 0.158730158730159 0.0793650793650794 1.06349206349206
21.065 0.158730158730159 0.0952380952380952 0.984126984126984
21.099 0.158730158730159 0.0317460317460317 1
21.232 0.142857142857143 0.126984126984127 1.03174603174603
21.332 0.158730158730159 0.0476190476190476 1.03174603174603
21.532 0.142857142857143 0.111111111111111 1.01587301587302
21.632 0.158730158730159 0.0476190476190476 1.01587301587302
21.765 0.142857142857143 0.111111111111111 1.04761904761905
21.865 0.158730158730159 0.0317460317460317 1
22.032 0.174603174603175 0.0317460317460317 1.06349206349206
22.099 0.158730158730159 0.126984126984127 1.03174603174603
22.199 0.158730158730159 0.0317460317460317 1
22.299 0.158730158730159 0.0952380952380952 1.04761904761905
22.699 0.142857142857143 0.0952380952380952 1
22.732 0.158730158730159 0.0317460317460317 1.01587301587302
22.865 0.158730158730159 0.142857142857143 1.01587301587302
23.065 0.158730158730159 0.0634920634920635 1.01587301587302
23.465 0.142857142857143 0.126984126984127 1.01587301587302
23.499 0.174603174603175 0.0634920634920635 1.04761904761905
23.899 0.158730158730159 0.0476190476190476 1.03174603174603
24.165 0.158730158730159 0.111111111111111 1.04761904761905
24.399 0.142857142857143 0.111111111111111 1.04761904761905
24.599 0.158730158730159 0.0158730158730159 0.984126984126984
24.665 0.174603174603175 0.0317460317460317 1.04761904761905
24.699 0.158730158730159 0.0952380952380952 1.03174603174603
24.865 0.158730158730159 0.0317460317460317 1.01587301587302
24.965 0.158730158730159 0.0952380952380952 1.06349206349206
25.365 0.158730158730159 0.0793650793650794 1.03174603174603
25.765 0.158730158730159 0.0793650793650794 1.03174603174603
26.165 0.158730158730159 0.0793650793650794 1.03174603174603
26.565 0.158730158730159 0.0793650793650794 1.03174603174603
26.965 0.158730158730159 0.0793650793650794 1.01587301587302
27.365 0.158730158730159 0.0476190476190476 1.01587301587302
27.765 0.158730158730159 0.0793650793650794 1.01587301587302
28.165 0.158730158730159 0.0634920634920635 1.03174603174603
28.398 -0.0476190476190476 -0.111111111111111 1.33333333333333
28.432 -0.0952380952380952 0.142857142857143 2.01587301587302
28.465 0.26984126984127 -0.142857142857143 0.365079365079365
28.498 0.571428571428571 0.412698412698413 0.619047619047619
28.532 -0.0317460317460317 0.253968253968254 1.68253968253968
28.565 0.571428571428571 0 0.333333333333333
28.598 0.253968253968254 0.53968253968254 1.50793650793651
28.632 0.587301587301587 0.380952380952381 0.825396825396825
28.665 0.0952380952380952 -0.0952380952380952 1.58730158730159
28.698 0.698412698412698 0.206349206349206 0.333333333333333
28.732 0.0952380952380952 0.158730158730159 1.71428571428571
28.765 0.619047619047619 0.0158730158730159 0.19047619047619
28.798 0.206349206349206 0.507936507936508 1.6984126984127
28.832 0.380952380952381 -0.0952380952380952 0.396825396825397
28.865 0.365079365079365 0.634920634920635 1.25396825396825
28.898 0.238095238095238 -0.0793650793650794 0.857142857142857
28.932 0.571428571428571 0.492063492063492 0.920634920634921
28.965 0.19047619047619 -0.0476190476190476 1.41269841269841
28.998 0.698412698412698 0.301587301587302 0.523809523809524
29.032 0.142857142857143 0.0158730158730159 1.77777777777778
29.065 0.746031746031746 0.0952380952380952 0.238095238095238
29.098 0.126984126984127 0.253968253968254 1.93650793650794
29.132 0.333333333333333 0.603174603174603 1.36507936507937
29.165 0.349206349206349 -0.0952380952380952 0.571428571428571
29.198 0.444444444444444 0.523809523809524 1.17460317460317
29.232 0.26984126984127 -0.142857142857143 1.04761904761905
29.265 0.619047619047619 0.46031746031746 0.904761904761905
29.298 0.222222222222222 -0.174603174603175 1.41269841269841
29.332 0.714285714285714 0.349206349206349 0.571428571428571
29.365 0.126984126984127 0.0158730158730159 1.6984126984127
29.398 0.73015873015873 0.253968253968254 0.253968253968254
29.432 0.0634920634920635 0.142857142857143 1.74603174603175
29.465 0.682539682539683 0.111111111111111 0.206349206349206
29.498 0.0793650793650794 0.380952380952381 1.71428571428571
29.565 0.174603174603175 0.428571428571429 1.63492063492063
29.598 0.619047619047619 -0.0317460317460317 0.238095238095238
29.632 0.238095238095238 -0.238095238095238 0.80952380952381
29.665 0.507936507936508 0.571428571428571 1.22222222222222
29.698 0.26984126984127 -0.142857142857143 0.682539682539683
29.732 0.53968253968254 0.587301587301587 1.01587301587302
29.765 0.238095238095238 -0.0793650793650794 0.841269841269841
29.798 0.523809523809524 0.619047619047619 1.03174603174603
29.832 0.238095238095238 -0.0476190476190476 1
29.865 0.587301587301587 0.492063492063492 0.936507936507937
29.898 0.285714285714286 -0.142857142857143 1.25396825396825
29.932 0.634920634920635 0.444444444444444 0.873015873015873
29.965 0.222222222222222 -0.142857142857143 1.3968253968254
29.998 0.714285714285714 0.365079365079365 0.603174603174603
30.032 0.19047619047619 -0.0793650793650794 1.36507936507937
30.065 0.666666666666667 0.476190476190476 0.603174603174603
30.098 0.0952380952380952 -0.0317460317460317 1.20634920634921
30.132 0.126984126984127 0.253968253968254 1.73015873015873
30.165 0.698412698412698 0.126984126984127 0.333333333333333
30.198 0.174603174603175 0.158730158730159 1.92063492063492
30.232 0.761904761904762 0.0634920634920635 0.253968253968254
30.265 0.142857142857143 0.222222222222222 1.93650793650794
30.298 0.73015873015873 0.0476190476190476 0.0634920634920635
30.332 0.0952380952380952 0.222222222222222 1.92063492063492
30.365 0.698412698412698 0.174603174603175 0.111111111111111
30.398 0.0476190476190476 0.285714285714286 1.73015873015873
30.432 0.682539682539683 0.19047619047619 0.238095238095238
30.465 0.111111111111111 0.26984126984127 1.71428571428571
30.498 0.714285714285714 0.174603174603175 0.285714285714286
30.532 0.158730158730159 0.238095238095238 1.82539682539683
30.565 0.746031746031746 0.126984126984127 0.301587301587302
30.598 0.158730158730159 0.0793650793650794 1.87301587301587
30.632 0.761904761904762 0.126984126984127 1.77777777777778
30.665 0.571428571428571 -0.0158730158730159 0.126984126984127
30.698 0.174603174603175 0.53968253968254 1.65079365079365
30.732 0.587301587301587 0.0476190476190476 0.111111111111111
30.765 0.206349206349206 0.444444444444444 1.66666666666667
30.798 0.666666666666667 -0.0476190476190476 0.238095238095238
30.832 0.19047619047619 0.349206349206349 1.9047619047619
30.865 0.714285714285714 -0.0317460317460317 0.158730158730159
30.898 0.174603174603175 0.285714285714286 1.95238095238095
30.932 0.714285714285714 -0.0158730158730159 0.0793650793650794
30.965 0.126984126984127 0.301587301587302 1.9047619047619
30.998 0.682539682539683 0.0952380952380952 0.0476190476190476
31.032 0.0634920634920635 0.349206349206349 1.74603174603175
31.065 0.666666666666667 0.158730158730159 0.206349206349206
31.098 0.111111111111111 0.317460317460317 1.73015873015873
31.132 0.698412698412698 0.396825396825397 1.93650793650794
31.165 0.650793650793651 -0.142857142857143 0.174603174603175
31.198 0.19047619047619 0.428571428571429 1.9047619047619
31.232 0.650793650793651 -0.0634920634920635 -0.0158730158730159
31.265 0.126984126984127 0.396825396825397 1.85714285714286
31.298 0.650793650793651 0.0634920634920635 0.0476190476190476
31.332 0.0793650793650794 0.380952380952381 1.71428571428571
31.365 0.650793650793651 0.158730158730159 0.174603174603175
31.398 0.126984126984127 0.301587301587302 1.6984126984127
31.432 0.698412698412698 0.158730158730159 0.333333333333333
31.465 0.158730158730159 0.19047619047619 1.88888888888889
31.498 0.761904761904762 0.158730158730159 0.317460317460317
31.532 0.158730158730159 0.0952380952380952 1.85714285714286
31.598 0.111111111111111 0.0634920634920635 0.111111111111111
31.632 0.126984126984127 0.444444444444444 1.73015873015873
31.665 0.666666666666667 0.174603174603175 0.206349206349206
31.698 0.126984126984127 0.285714285714286 1.76190476190476
31.732 0.714285714285714 0.142857142857143 0.333333333333333
31.765 0.158730158730159 0.0952380952380952 1.92063492063492
31.798 0.777777777777778 0.19047619047619 0.26984126984127
31.832 0.126984126984127 0.0634920634920635 1.80952380952381
31.865 0.73015873015873 0.317460317460317 0.317460317460317
31.898 0.111111111111111 0 1.44444444444444
31.932 0.666666666666667 0.428571428571429 0.53968253968254
31.965 0.111111111111111 0.0476190476190476 1.26984126984127
31.998 0.587301587301587 0.523809523809524 0.73015873015873
32.032 0.19047619047619 -0.0634920634920635 1.04761904761905
32.065 0.571428571428571 0.53968253968254 1.06349206349206
32.098 0.333333333333333 -0.174603174603175 1.06349206349206
32.132 0.174603174603175 -0.0317460317460317 1.46031746031746
32.165 0.666666666666667 0.476190476190476 0.587301587301587
32.198 0.142857142857143 -0.0476190476190476 1
32.232 0.555555555555556 0.571428571428571 0.80952380952381
32.265 0.206349206349206 -0.0476190476190476 0.80952380952381
32.298 0.492063492063492 0.587301587301587 1.0952380952381
32.332 0.349206349206349 -0.111111111111111 0.857142857142857
32.365 0.428571428571429 0.523809523809524 1.36507936507937
32.398 0.476190476190476 -0.19047619047619 0.650793650793651
32.432 0.349206349206349 0.492063492063492 1.6984126984127
32.465 0.555555555555556 -0.238095238095238 0.349206349206349
32.498 0.26984126984127 0.523809523809524 1.77777777777778
32.532 0.603174603174603 -0.0952380952380952 0
32.565 0.126984126984127 0.46031746031746 1.79365079365079
32.598 0.603174603174603 0.0317460317460317 0.0634920634920635
32.632 0.523809523809524 -0.158730158730159 0.492063492063492
32.665 0.285714285714286 0.444444444444444 1.76190476190476
32.698 0.650793650793651 -0.142857142857143 0.238095238095238
32.732 0.206349206349206 0.349206349206349 1.93650793650794
32.765 0.698412698412698 -0.0476190476190476 0.0158730158730159
32.798 0.126984126984127 0.317460317460317 1.96825396825397
32.832 0.698412698412698 0.126984126984127 0.0317460317460317
32.865 0.0317460317460317 0.26984126984127 1.68253968253968
32.898 0.682539682539683 0.253968253968254 0.301587301587302
32.932 0.0634920634920635 0.19047619047619 1.57142857142857
32.965 0.666666666666667 0.365079365079365 0.555555555555556
32.998 0.158730158730159 0.0317460317460317 1.55555555555556
33.032 0.666666666666667 0.428571428571429 0.793650793650794
33.065 0.285714285714286 -0.174603174603175 1.26984126984127
33.098 0.603174603174603 0.476190476190476 1.04761904761905
33.132 0.698412698412698 0.380952380952381 0.428571428571429
33.165 0.0952380952380952 0.0793650793650794 1.3015873015873
33.198 0.587301587301587 0.523809523809524 0.761904761904762
33.232 0.222222222222222 -0.0476190476190476 1.0952380952381
33.265 0.53968253968254 0.523809523809524 1.06349206349206
33.298 0.365079365079365 -0.19047619047619 1.03174603174603
33.332 0.476190476190476 0.53968253968254 1.41269841269841
33.365 0.476190476190476 -0.238095238095238 0.619047619047619
33.398 0.349206349206349 0.523809523809524 1.6031746031746
33.431 0.53968253968254 -0.174603174603175 0.222222222222222
33.465 0.238095238095238 0.53968253968254 1.77777777777778
33.498 0.587301587301587 -0.0317460317460317 -0.0158730158730159
33.531 0.476190476190476 0 1.01587301587302
33.565 0.285714285714286 0.174603174603175 1.01587301587302
33.598 0.365079365079365 0.158730158730159 0.936507936507937
33.665 0.380952380952381 0.238095238095238 0.968253968253968
34.065 0.365079365079365 0.222222222222222 0.952380952380952
34.465 0.380952380952381 0.206349206349206 0.952380952380952
34.865 0.380952380952381 0.238095238095238 0.952380952380952
35.265 0.396825396825397 0.222222222222222 0.952380952380952
35.665 0.396825396825397 0.222222222222222 0.968253968253968
36.065 0.365079365079365 0.222222222222222 0.952380952380952
36.465 0.396825396825397 0.238095238095238 0.968253968253968
36.865 0.428571428571429 0.206349206349206 0.984126984126984
36.898 0.365079365079365 0.206349206349206 0.968253968253968
36.931 0.380952380952381 0.317460317460317 1.12698412698413
36.965 0.412698412698413 0.0634920634920635 0.777777777777778
36.998 0.349206349206349 0.428571428571429 1.04761904761905
37.031 0.46031746031746 0.0158730158730159 0.904761904761905
37.065 0.301587301587302 0.380952380952381 0.873015873015873
37.098 0.523809523809524 0.0476190476190476 1.11111111111111
37.131 0.317460317460317 0.396825396825397 0.888888888888889
37.165 0.412698412698413 -0.0158730158730159 1.19047619047619
37.198 0.380952380952381 0.253968253968254 1.19047619047619
37.231 0.317460317460317 0.111111111111111 0.714285714285714
37.265 0.412698412698413 0.365079365079365 1.19047619047619
37.298 0.349206349206349 0.111111111111111 0.73015873015873
37.331 0.349206349206349 0.396825396825397 1.07936507936508
37.365 0.492063492063492 0.0952380952380952 0.873015873015873
37.398 0.333333333333333 0.365079365079365 1.04761904761905
37.431 0.523809523809524 -0.0476190476190476 1.0952380952381
37.465 0.380952380952381 0.46031746031746 0.984126984126984
37.498 0.492063492063492 -0.111111111111111 1.07936507936508
37.565 0.428571428571429 0.0476190476190476 1.0952380952381
37.598 0.285714285714286 0.206349206349206 0.746031746031746
37.631 0.507936507936508 0.142857142857143 1.19047619047619
37.665 0.222222222222222 0.238095238095238 0.73015873015873
37.698 0.412698412698413 0.253968253968254 1.15873015873016
37.731 0.380952380952381 0.428571428571429 1.0952380952381
37.765 0.476190476190476 -0.111111111111111 0.936507936507937
37.798 0.444444444444444 0.412698412698413 0.968253968253968
37.831 0.476190476190476 -0.0158730158730159 0.873015873015873
37.865 0.301587301587302 0.365079365079365 0.904761904761905
37.898 0.507936507936508 0.0317460317460317 0.968253968253968
37.931 0.285714285714286 0.365079365079365 0.873015873015873
37.965 0.46031746031746 0.111111111111111 1.11111111111111
37.998 0.253968253968254 0.317460317460317 0.841269841269841
38.031 0.412698412698413 0.111111111111111 1.20634920634921
38.065 0.380952380952381 0.317460317460317 0.80952380952381
38.098 0.380952380952381 0.111111111111111 1.19047619047619
38.131 0.46031746031746 0.0634920634920635 0.793650793650794
38.165 0.444444444444444 0.333333333333333 1.17460317460317
38.198 0.365079365079365 0.428571428571429 0.920634920634921
38.231 0.492063492063492 0.0476190476190476 0.952380952380952
38.265 0.301587301587302 0.380952380952381 0.984126984126984
38.298 0.492063492063492 0.0158730158730159 1.22222222222222
38.331 0.349206349206349 0.428571428571429 0.952380952380952
38.365 0.412698412698413 -0.0476190476190476 1.17460317460317
38.398 0.412698412698413 0.317460317460317 0.825396825396825
38.431 0.444444444444444 0.126984126984127 1.14285714285714
38.465 0.333333333333333 0.111111111111111 0.698412698412698
38.498 0.492063492063492 0.19047619047619 1.17460317460317
38.531 0.26984126984127 0.126984126984127 0.682539682539683
38.565 0.444444444444444 0.333333333333333 1.19047619047619
38.598 0.317460317460317 0.222222222222222 0.73015873015873
38.631 0.349206349206349 0.380952380952381 1.07936507936508
38.665 0.492063492063492 0.111111111111111 0.841269841269841
38.698 0.317460317460317 0.349206349206349 1.12698412698413
38.731 0.53968253968254 -0.0476190476190476 0.825396825396825
38.765 0.523809523809524 0.126984126984127 1.0952380952381
38.798 0.285714285714286 0.19047619047619 0.714285714285714
38.831 0.492063492063492 0.19047619047619 1.19047619047619
38.865 0.238095238095238 0.222222222222222 0.698412698412698
38.898 0.396825396825397 0.301587301587302 1.14285714285714
38.931 0.396825396825397 0.158730158730159 0.793650793650794
38.965 0.333333333333333 0.26984126984127 1.19047619047619
38.998 0.53968253968254 0.0158730158730159 0.984126984126984
39.031 0.380952380952381 0.46031746031746 1.03174603174603
39.065 0.476190476190476 -0.126984126984127 0.968253968253968
39.098 0.428571428571429 0.428571428571429 0.984126984126984
39.131 0.492063492063492 -0.0317460317460317 0.920634920634921
39.165 0.285714285714286 0.349206349206349 0.857142857142857
39.198 0.507936507936508 0.0634920634920635 1.01587301587302
39.231 0.285714285714286 0.349206349206349 0.873015873015873
39.265 0.428571428571429 0.19047619047619 0.761904761904762
39.298 0.396825396825397 0.285714285714286 1.23809523809524
39.331 0.492063492063492 -0.0317460317460317 0.80952380952381
39.365 0.428571428571429 0.396825396825397 1.12698412698413
39.398 0.444444444444444 -0.0476190476190476 0.793650793650794
39.431 0.412698412698413 0.412698412698413 1.04761904761905
39.465 0.380952380952381 0.111111111111111 0.80952380952381
39.498 0.333333333333333 0.396825396825397 0.888888888888889
39.531 0.523809523809524 0.0476190476190476 1
39.565 0.253968253968254 0.333333333333333 0.920634920634921
39.598 0.444444444444444 0.0952380952380952 1.28571428571429
39.631 0.349206349206349 0.349206349206349 0.841269841269841
39.665 0.365079365079365 0.0634920634920635 1.20634920634921
39.698 0.46031746031746 0.126984126984127 0.777777777777778
39.731 0.412698412698413 0.301587301587302 1.15873015873016
39.765 0.349206349206349 0.396825396825397 0.952380952380952
39.798 0.492063492063492 0.0476190476190476 0.952380952380952
39.831 0.285714285714286 0.380952380952381 1.01587301587302
39.865 0.523809523809524 0.0476190476190476 1.22222222222222
39.898 0.349206349206349 0.444444444444444 0.936507936507937
39.931 0.396825396825397 0 1.19047619047619
39.965 0.380952380952381 0.317460317460317 0.825396825396825
39.998 0.46031746031746 0.0952380952380952 1.15873015873016
40.031 0.349206349206349 0.142857142857143 0.650793650793651
40.065 0.46031746031746 0.174603174603175 1.14285714285714
40.098 0.301587301587302 0.142857142857143 0.682539682539683
40.131 0.46031746031746 0.349206349206349 1.22222222222222
40.165 0.349206349206349 0.0952380952380952 0.682539682539683
40.198 0.365079365079365 0.412698412698413 1.12698412698413
40.231 0.476190476190476 0.0952380952380952 0.857142857142857
40.265 0.333333333333333 -0.0793650793650794 1.0952380952381
40.298 0.365079365079365 0.301587301587302 0.777777777777778
40.331 0.365079365079365 0.111111111111111 1.11111111111111
40.365 0.285714285714286 0.158730158730159 0.698412698412698
40.398 0.507936507936508 0.222222222222222 1.22222222222222
40.431 0.222222222222222 0.158730158730159 0.650793650793651
40.465 0.396825396825397 0.333333333333333 1.11111111111111
40.498 0.444444444444444 0.142857142857143 0.777777777777778
40.531 0.333333333333333 0.317460317460317 1.12698412698413
40.565 0.555555555555556 0 1.06349206349206
40.598 0.365079365079365 0.476190476190476 1.03174603174603
40.631 0.492063492063492 -0.142857142857143 1
40.665 0.412698412698413 0.412698412698413 0.888888888888889
40.698 0.428571428571429 0.158730158730159 0.968253968253968
40.731 0.301587301587302 0.222222222222222 0.714285714285714
40.765 0.380952380952381 0.285714285714286 0.80952380952381
40.798 0.333333333333333 0.253968253968254 1.14285714285714
40.831 0.492063492063492 0.0793650793650794 0.841269841269841
40.865 0.412698412698413 0.412698412698413 1.07936507936508
40.898 0.492063492063492 -0.0476190476190476 0.841269841269841
40.931 0.412698412698413 0.412698412698413 1.04761904761905
40.965 0.492063492063492 -0.0317460317460317 0.888888888888889
40.998 0.365079365079365 0.380952380952381 0.920634920634921
41.031 0.444444444444444 0.0793650793650794 0.936507936507937
41.065 0.285714285714286 0.333333333333333 0.857142857142857
41.098 0.492063492063492 0.111111111111111 1.17460317460317
41.131 0.222222222222222 0.253968253968254 0.80952380952381
41.165 0.412698412698413 0.158730158730159 1.22222222222222
41.198 0.380952380952381 0.253968253968254 0.777777777777778
41.231 0.349206349206349 0.158730158730159 1.22222222222222
41.265 0.507936507936508 0.0317460317460317 0.80952380952381
41.298 0.476190476190476 0.142857142857143 0.841269841269841
41.331 0.317460317460317 0.365079365079365 0.80952380952381
41.365 0.507936507936508 0.0634920634920635 1.12698412698413
41.398 0.238095238095238 0.285714285714286 0.873015873015873
41.431 0.46031746031746 0.142857142857143 1.26984126984127
41.465 0.365079365079365 0.301587301587302 0.80952380952381
41.498 0.349206349206349 0.111111111111111 1.19047619047619
41.531 0.492063492063492 0.0634920634920635 0.825396825396825
41.565 0.428571428571429 0.365079365079365 1.11111111111111
41.598 0.444444444444444 -0.0952380952380952 0.761904761904762
41.631 0.476190476190476 0.412698412698413 1.06349206349206
41.665 0.317460317460317 0.0952380952380952 0.73015873015873
41.698 0.365079365079365 0.380952380952381 0.920634920634921
41.731 0.507936507936508 0.0634920634920635 0.936507936507937
41.764 0.253968253968254 0.365079365079365 0.952380952380952
41.798 0.46031746031746 0.19047619047619 0.777777777777778
41.831 0.428571428571429 0.253968253968254 1.15873015873016
41.864 0.412698412698413 -0.0158730158730159 0.698412698412698
41.898 0.492063492063492 0.349206349206349 1.15873015873016
41.931 0.380952380952381 0.0158730158730159 0.73015873015873
41.964 0.396825396825397 0.412698412698413 1.12698412698413
41.998 0.444444444444444 0.0476190476190476 0.841269841269841
42.031 0.333333333333333 0.428571428571429 0.984126984126984
42.064 0.380952380952381 0.222222222222222 0.904761904761905
42.264 0.412698412698413 0.206349206349206 0.984126984126984
42.664 0.380952380952381 0.222222222222222 0.952380952380952
43.064 0.412698412698413 0.222222222222222 0.952380952380952
43.464 0.396825396825397 0.222222222222222 0.968253968253968
43.864 0.396825396825397 0.206349206349206 0.952380952380952
44.264 0.412698412698413 0.222222222222222 0.968253968253968
44.664 0.396825396825397 0.206349206349206 0.984126984126984
45.064 0.380952380952381 0.206349206349206 0.952380952380952
45.364 0.365079365079365 0.476190476190476 1.06349206349206
45.398 0.349206349206349 0.26984126984127 1.01587301587302
45.431 0.285714285714286 0.301587301587302 1.01587301587302
45.464 0.46031746031746 0.0952380952380952 0.888888888888889
45.498 0.365079365079365 0.26984126984127 1.03174603174603
45.564 0.396825396825397 0.19047619047619 0.952380952380952
45.598 0.380952380952381 0.253968253968254 0.984126984126984
45.998 0.396825396825397 0.238095238095238 0.968253968253968
46.098 0.396825396825397 0.174603174603175 0.920634920634921
46.131 0.412698412698413 0.206349206349206 0.984126984126984
46.464 0.412698412698413 0.19047619047619 0.920634920634921
46.498 0.380952380952381 0.238095238095238 0.984126984126984
46.531 0.412698412698413 0.19047619047619 0.920634920634921
46.564 0.380952380952381 0.253968253968254 0.984126984126984
46.598 0.396825396825397 0.19047619047619 0.936507936507937
46.998 0.412698412698413 0.222222222222222 0.936507936507937
47.098 0.396825396825397 0.238095238095238 1
47.131 0.428571428571429 0.19047619047619 0.920634920634921
47.164 0.380952380952381 0.222222222222222 0.984126984126984
47.564 0.380952380952381 0.238095238095238 1
47.598 0.396825396825397 0.19047619047619 0.920634920634921
47.631 0.396825396825397 0.222222222222222 1
47.664 0.380952380952381 0.19047619047619 0.920634920634921
47.764 0.365079365079365 0.206349206349206 1
47.831 0.412698412698413 0.19047619047619 0.920634920634921
47.864 0.380952380952381 0.26984126984127 1.01587301587302
47.898 0.396825396825397 0.174603174603175 0.968253968253968
47.931 0.365079365079365 0.253968253968254 0.984126984126984
48.064 0.396825396825397 0.19047619047619 0.904761904761905
48.098 0.396825396825397 0.238095238095238 0.984126984126984
48.498 0.380952380952381 0.253968253968254 0.984126984126984
48.531 0.396825396825397 0.19047619047619 0.920634920634921
48.564 0.380952380952381 0.238095238095238 0.984126984126984
48.764 0.396825396825397 0.206349206349206 0.888888888888889
48.798 0.380952380952381 0.253968253968254 1
48.831 0.412698412698413 0.174603174603175 0.920634920634921
48.864 0.396825396825397 0.253968253968254 0.984126984126984
48.998 0.412698412698413 0.19047619047619 0.904761904761905
49.031 0.380952380952381 0.238095238095238 1.01587301587302
49.064 0.396825396825397 0.222222222222222 0.920634920634921
49.098 0.380952380952381 0.238095238095238 0.984126984126984
49.231 0.396825396825397 0.19047619047619 0.904761904761905
49.264 0.396825396825397 0.206349206349206 1
49.298 0.412698412698413 0.19047619047619 0.936507936507937
49.431 0.380952380952381 0.253968253968254 1
49.464 0.396825396825397 0.206349206349206 0.936507936507937
49.598 0.396825396825397 0.238095238095238 1
49.631 0.396825396825397 0.206349206349206 0.920634920634921
49.664 0.380952380952381 0.253968253968254 0.984126984126984
49.698 0.412698412698413 0.174603174603175 0.936507936507937
49.731 0.396825396825397 0.238095238095238 0.984126984126984
49.931 0.412698412698413 0.174603174603175 0.904761904761905
49.964 0.396825396825397 0.238095238095238 1
49.998 0.412698412698413 0.174603174603175 0.952380952380952
50.264 0.412698412698413 0.238095238095238 0.984126984126984
50.564 0.396825396825397 0.19047619047619 0.920634920634921
50.664 0.365079365079365 0.333333333333333 0.888888888888889
50.697 0.396825396825397 0.0634920634920635 0.952380952380952
50.731 0.396825396825397 0.206349206349206 0.968253968253968
51.131 0.380952380952381 0.206349206349206 0.952380952380952
51.531 0.412698412698413 0.222222222222222 0.968253968253968
51.931 0.396825396825397 0.222222222222222 0.968253968253968
52.331 0.396825396825397 0.222222222222222 0.968253968253968
52.731 0.412698412698413 0.222222222222222 0.952380952380952
53.131 0.396825396825397 0.222222222222222 0.968253968253968
53.531 0.380952380952381 0.222222222222222 0.952380952380952
53.931 0.380952380952381 0.158730158730159 0.968253968253968
53.964 0.396825396825397 0.238095238095238 0.968253968253968
54.164 0.396825396825397 0.142857142857143 0.952380952380952
54.197 0.396825396825397 0.238095238095238 0.968253968253968
54.431 0.396825396825397 0.158730158730159 0.952380952380952
54.464 0.412698412698413 0.222222222222222 0.984126984126984
54.497 0.396825396825397 0.285714285714286 1
54.597 0.396825396825397 0.206349206349206 0.952380952380952
54.697 0.380952380952381 0.26984126984127 0.968253968253968
54.731 0.365079365079365 0.206349206349206 0.936507936507937
54.897 0.396825396825397 0.19047619047619 1
54.964 0.396825396825397 0.26984126984127 0.984126984126984
55.031 0.396825396825397 0.19047619047619 0.968253968253968
55.064 0.380952380952381 0.253968253968254 0.952380952380952
55.097 0.396825396825397 0.142857142857143 0.984126984126984
55.164 0.380952380952381 0.253968253968254 0.952380952380952
55.264 0.396825396825397 0.19047619047619 0.968253968253968
55.331 0.380952380952381 0.26984126984127 0.968253968253968
55.364 0.396825396825397 0.206349206349206 0.984126984126984
55.664 0.380952380952381 0.285714285714286 0.952380952380952
55.697 0.396825396825397 0.222222222222222 0.920634920634921
55.864 0.396825396825397 0.19047619047619 0.984126984126984
55.964 0.396825396825397 0.26984126984127 0.968253968253968
55.997 0.396825396825397 0.206349206349206 0.952380952380952
56.164 0.380952380952381 0.26984126984127 0.968253968253968
56.231 0.412698412698413 0.19047619047619 0.968253968253968
56.297 0.396825396825397 0.26984126984127 0.952380952380952
56.364 0.365079365079365 0.174603174603175 0.952380952380952
56.464 0.380952380952381 0.238095238095238 0.968253968253968
56.597 0.396825396825397 0.174603174603175 0.984126984126984
56.664 0.396825396825397 0.26984126984127 0.968253968253968
56.697 0.396825396825397 0.206349206349206 0.968253968253968
56.964 0.380952380952381 0.285714285714286 0.952380952380952
56.997 0.365079365079365 0.206349206349206 0.936507936507937
57.164 0.380952380952381 0.26984126984127 0.952380952380952
57.197 0.380952380952381 0.206349206349206 0.968253968253968
57.297 0.412698412698413 0.26984126984127 0.952380952380952
57.364 0.396825396825397 0.19047619047619 0.968253968253968
57.464 0.396825396825397 0.26984126984127 0.936507936507937
57.531 0.412698412698413 0.19047619047619 0.968253968253968
57.697 0.380952380952381 0.253968253968254 0.936507936507937
57.764 0.396825396825397 0.19047619047619 0.968253968253968
57.831 0.380952380952381 0.253968253968254 0.984126984126984
57.897 0.380952380952381 0.174603174603175 0.952380952380952
57.964 0.380952380952381 0.26984126984127 0.968253968253968
58.031 0.412698412698413 0.174603174603175 0.968253968253968
58.164 0.412698412698413 0.238095238095238 0.936507936507937
58.264 0.396825396825397 0.142857142857143 0.968253968253968
58.297 0.412698412698413 0.222222222222222 0.984126984126984
58.697 0.396825396825397 0.253968253968254 0.968253968253968
58.797 0.396825396825397 0.158730158730159 0.952380952380952
58.83 0.412698412698413 0.238095238095238 0.984126984126984
58.93 0.396825396825397 0.142857142857143 0.984126984126984
58.997 0.396825396825397 0.238095238095238 0.936507936507937
59.397 0.396825396825397 0.238095238095238 0.968253968253968
59.797 0.396825396825397 0.222222222222222 0.968253968253968
60.2 0.396825396825397 0.222222222222222 0.952380952380952
60.6 0.396825396825397 0.222222222222222 0.968253968253968
61 0.412698412698413 0.222222222222222 0.984126984126984
61.4 0.396825396825397 0.222222222222222 0.952380952380952
61.8 0.380952380952381 0.222222222222222 0.968253968253968
62.2 0.380952380952381 0.222222222222222 0.952380952380952
62.36 0.396825396825397 0.142857142857143 0.968253968253968
62.43 0.396825396825397 0.238095238095238 0.952380952380952
62.5 0.396825396825397 0.301587301587302 0.968253968253968
62.56 0.396825396825397 0.206349206349206 0.952380952380952
62.76 0.396825396825397 0.285714285714286 0.952380952380952
62.83 0.396825396825397 0.19047619047619 1
62.96 0.396825396825397 0.26984126984127 0.968253968253968
63.03 0.396825396825397 0.174603174603175 0.968253968253968
63.2 0.396825396825397 0.26984126984127 0.968253968253968
63.26 0.412698412698413 0.19047619047619 0.952380952380952
63.4 0.396825396825397 0.301587301587302 0.968253968253968
63.46 0.396825396825397 0.174603174603175 0.936507936507937
63.56 0.396825396825397 0.26984126984127 0.952380952380952
63.63 0.412698412698413 0.174603174603175 0.984126984126984
63.83 0.396825396825397 0.253968253968254 0.952380952380952
63.93 0.380952380952381 0.174603174603175 0.952380952380952
64 0.412698412698413 0.26984126984127 0.968253968253968
64.1 0.380952380952381 0.142857142857143 0.952380952380952
64.16 0.396825396825397 0.206349206349206 0.984126984126984
64.26 0.428571428571429 0.26984126984127 0.968253968253968
64.36 0.396825396825397 0.206349206349206 0.968253968253968
64.46 0.396825396825397 0.26984126984127 0.968253968253968
64.53 0.412698412698413 0.174603174603175 0.984126984126984
64.66 0.380952380952381 0.26984126984127 0.968253968253968
64.73 0.396825396825397 0.206349206349206 0.968253968253968
64.76 0.396825396825397 0.26984126984127 0.984126984126984
64.83 0.396825396825397 0.206349206349206 0.968253968253968
64.93 0.412698412698413 0.301587301587302 1
65 0.412698412698413 0.206349206349206 0.968253968253968
65.13 0.396825396825397 0.26984126984127 0.968253968253968
65.2 0.380952380952381 0.174603174603175 0.936507936507937
65.26 0.396825396825397 0.238095238095238 0.952380952380952
65.3 0.380952380952381 0.174603174603175 0.936507936507937
65.36 0.396825396825397 0.253968253968254 0.984126984126984
65.43 0.412698412698413 0.19047619047619 0.952380952380952
65.53 0.380952380952381 0.26984126984127 0.952380952380952
65.63 0.396825396825397 0.206349206349206 0.968253968253968
65.73 0.412698412698413 0.26984126984127 0.968253968253968
65.76 0.396825396825397 0.19047619047619 0.968253968253968
65.8 0.396825396825397 0.253968253968254 0.952380952380952
65.83 0.412698412698413 0.26984126984127 1.01587301587302
65.86 0.412698412698413 0.222222222222222 0.952380952380952
65.9 0.380952380952381 0.142857142857143 0.936507936507937
65.96 0.380952380952381 0.206349206349206 0.984126984126984
66 0.396825396825397 0.26984126984127 1
66.1 0.380952380952381 0.174603174603175 0.952380952380952
66.16 0.412698412698413 0.26984126984127 0.968253968253968
66.23 0.412698412698413 0.206349206349206 0.984126984126984
66.43 0.412698412698413 0.26984126984127 0.984126984126984
66.53 0.380952380952381 0.174603174603175 0.952380952380952
66.6 0.396825396825397 0.253968253968254 0.968253968253968
66.7 0.380952380952381 0.158730158730159 0.968253968253968
66.86 0.396825396825397 0.253968253968254 0.968253968253968
66.96 0.365079365079365 0.19047619047619 0.952380952380952
67.06 0.412698412698413 0.285714285714286 0.984126984126984
67.13 0.396825396825397 0.174603174603175 0.952380952380952
67.23 0.396825396825397 0.253968253968254 0.952380952380952
67.33 0.380952380952381 0.158730158730159 0.968253968253968
67.36 0.396825396825397 0.26984126984127 0.968253968253968
67.43 0.380952380952381 0.158730158730159 0.936507936507937
67.5 0.412698412698413 0.26984126984127 1
67.56 0.396825396825397 0.19047619047619 0.936507936507937
67.96 0.412698412698413 0.206349206349206 0.984126984126984
68.36 0.396825396825397 0.222222222222222 0.952380952380952
68.76 0.380952380952381 0.206349206349206 0.968253968253968
69.36 0.396825396825397 0.222222222222222 0.968253968253968
69.76 0.380952380952381 0.238095238095238 0.952380952380952
70.16 0.396825396825397 0.206349206349206 0.968253968253968
70.56 0.380952380952381 0.222222222222222 0.968253968253968
70.9 0.365079365079365 0.142857142857143 0.936507936507937
70.93 0.444444444444444 0.206349206349206 0.984126984126984
71.03 0.380952380952381 0.174603174603175 0.984126984126984
71.43 0.412698412698413 0.285714285714286 0.952380952380952
71.7 0.349206349206349 0.26984126984127 0.952380952380952
71.9 0.380952380952381 0.333333333333333 0.968253968253968
71.93 0.396825396825397 0.142857142857143 0.952380952380952
72.16 0.396825396825397 0.206349206349206 0.984126984126984
72.4 0.380952380952381 0.19047619047619 0.920634920634921
72.46 0.412698412698413 0.222222222222222 0.984126984126984
72.6 0.412698412698413 0.158730158730159 0.984126984126984
73 0.380952380952381 0.301587301587302 0.952380952380952
73.23 0.396825396825397 0.238095238095238 0.952380952380952
73.63 0.365079365079365 0.285714285714286 0.904761904761905
73.83 0.380952380952381 0.26984126984127 0.968253968253968
74 0.396825396825397 0.158730158730159 0.968253968253968
74.33 0.380952380952381 0.253968253968254 0.952380952380952
74.5 0.412698412698413 0.126984126984127 0.952380952380952
74.9 0.365079365079365 0.158730158730159 0.920634920634921
75 0.412698412698413 0.26984126984127 0.968253968253968
75.1 0.412698412698413 0.174603174603175 0.968253968253968
75.46 0.396825396825397 0.0952380952380952 0.936507936507937
75.5 0.380952380952381 0.317460317460317 0.968253968253968
75.73 0.396825396825397 0.222222222222222 0.952380952380952
76.13 0.380952380952381 0.301587301587302 0.952380952380952
76.26 0.380952380952381 0.206349206349206 0.936507936507937
76.66 0.380952380952381 0.222222222222222 0.936507936507937
77.06 0.412698412698413 0.206349206349206 0.984126984126984
77.46 0.380952380952381 0.222222222222222 0.968253968253968
77.86 0.380952380952381 0.222222222222222 0.952380952380952
78.26 0.380952380952381 0.222222222222222 0.984126984126984
78.66 0.396825396825397 0.238095238095238 0.984126984126984
79.06 0.380952380952381 0.222222222222222 0.968253968253968
79.46 0.380952380952381 0.206349206349206 0.968253968253968
79.86 0.396825396825397 0.19047619047619 0.952380952380952
80.26 0.380952380952381 0.206349206349206 0.968253968253968
80.66 0.396825396825397 0.19047619047619 0.952380952380952
80.96 0.396825396825397 0.253968253968254 0.952380952380952
81.03 0.380952380952381 0.19047619047619 0.968253968253968
81.3 0.396825396825397 0.253968253968254 0.936507936507937
81.5 0.396825396825397 0.19047619047619 0.968253968253968
81.6 0.412698412698413 0.253968253968254 0.952380952380952
81.66 0.396825396825397 0.19047619047619 0.952380952380952
81.8 0.396825396825397 0.253968253968254 0.936507936507937
81.86 0.396825396825397 0.19047619047619 0.952380952380952
81.93 0.396825396825397 0.253968253968254 0.952380952380952
82.13 0.365079365079365 0.19047619047619 0.968253968253968
82.3 0.396825396825397 0.253968253968254 0.952380952380952
82.33 0.396825396825397 0.19047619047619 0.952380952380952
82.4 0.396825396825397 0.253968253968254 0.968253968253968
82.56 0.412698412698413 0.253968253968254 0.952380952380952
82.83 0.396825396825397 0.19047619047619 0.984126984126984
82.93 0.396825396825397 0.26984126984127 0.968253968253968
82.96 0.412698412698413 0.206349206349206 0.968253968253968
83.36 0.380952380952381 0.222222222222222 0.968253968253968
83.76 0.380952380952381 0.253968253968254 0.984126984126984
84.13 0.396825396825397 0.174603174603175 0.952380952380952
84.16 0.396825396825397 0.238095238095238 0.984126984126984
84.56 0.396825396825397 0.206349206349206 0.920634920634921
84.76 0.380952380952381 0.222222222222222 0.984126984126984
85.16 0.380952380952381 0.222222222222222 0.968253968253968
85.56 0.380952380952381 0.222222222222222 0.968253968253968
85.96 0.396825396825397 0.206349206349206 0.968253968253968
86.36 0.380952380952381 0.222222222222222 0.952380952380952
86.76 0.412698412698413 0.222222222222222 0.968253968253968
87.16 0.396825396825397 0.222222222222222 0.968253968253968
87.56 0.396825396825397 0.206349206349206 0.968253968253968
87.96 0.396825396825397 0.238095238095238 0.952380952380952
88.36 0.396825396825397 0.222222222222222 0.968253968253968
88.76 0.396825396825397 0.222222222222222 0.968253968253968
89.16 0.380952380952381 0.206349206349206 0.968253968253968
89.56 0.380952380952381 0.222222222222222 0.968253968253968
89.96 0.396825396825397 0.222222222222222 0.984126984126984
90.36 0.396825396825397 0.222222222222222 0.968253968253968
90.76 0.396825396825397 0.222222222222222 0.968253968253968
91.16 0.396825396825397 0.222222222222222 0.952380952380952
91.56 0.380952380952381 0.238095238095238 0.968253968253968
91.96 0.396825396825397 0.206349206349206 0.952380952380952
92.36 0.396825396825397 0.206349206349206 0.984126984126984
92.76 0.396825396825397 0.222222222222222 0.952380952380952
93.16 0.396825396825397 0.253968253968254 0.952380952380952
93.56 0.396825396825397 0.238095238095238 0.968253968253968
93.96 0.380952380952381 0.222222222222222 0.952380952380952
94.36 0.380952380952381 0.206349206349206 0.936507936507937
94.76 0.396825396825397 0.222222222222222 0.968253968253968
95.16 0.396825396825397 0.19047619047619 0.968253968253968
95.56 0.396825396825397 0.238095238095238 0.968253968253968
95.96 0.380952380952381 0.222222222222222 0.968253968253968
96.36 0.396825396825397 0.253968253968254 0.968253968253968
96.76 0.396825396825397 0.206349206349206 0.952380952380952
97.16 0.396825396825397 0.19047619047619 0.984126984126984
97.3 0.412698412698413 0.253968253968254 0.952380952380952
97.7 0.380952380952381 0.238095238095238 0.968253968253968
98.1 0.396825396825397 0.206349206349206 0.952380952380952
98.5 0.380952380952381 0.222222222222222 0.952380952380952
98.9 0.396825396825397 0.222222222222222 0.984126984126984
99.16 0.380952380952381 0.238095238095238 0.920634920634921
99.23 0.396825396825397 0.206349206349206 1
99.63 0.380952380952381 0.222222222222222 0.968253968253968
100.03 0.412698412698413 0.19047619047619 0.952380952380952
100.1 0.396825396825397 0.253968253968254 0.952380952380952
100.43 0.396825396825397 0.19047619047619 0.968253968253968
100.83 0.396825396825397 0.222222222222222 0.952380952380952
101.23 0.396825396825397 0.19047619047619 0.952380952380952
101.33 0.380952380952381 0.253968253968254 0.968253968253968
101.6 0.396825396825397 0.19047619047619 0.952380952380952
102 0.380952380952381 0.222222222222222 0.968253968253968
102.4 0.380952380952381 0.222222222222222 0.968253968253968
102.8 0.396825396825397 0.222222222222222 0.968253968253968
103.2 0.396825396825397 0.222222222222222 0.984126984126984
103.6 0.380952380952381 0.222222222222222 0.952380952380952
104 0.396825396825397 0.206349206349206 0.952380952380952
104.4 0.396825396825397 0.238095238095238 0.952380952380952
104.8 0.396825396825397 0.238095238095238 0.952380952380952
105.2 0.380952380952381 0.206349206349206 0.968253968253968
105.66 0.396825396825397 0.238095238095238 0.984126984126984
106 0.396825396825397 0.238095238095238 0.920634920634921
106.2 0.396825396825397 0.253968253968254 0.984126984126984
106.6 0.428571428571429 0.238095238095238 0.952380952380952
106.9 0.365079365079365 0.222222222222222 0.984126984126984
107.16 0.396825396825397 0.238095238095238 0.920634920634921
107.3 0.396825396825397 0.253968253968254 0.984126984126984
107.7 0.380952380952381 0.238095238095238 0.968253968253968
108.1 0.380952380952381 0.222222222222222 0.952380952380952
108.5 0.396825396825397 0.253968253968254 0.952380952380952
108.9 0.396825396825397 0.222222222222222 0.968253968253968
109.3 0.380952380952381 0.238095238095238 0.936507936507937
109.7 0.412698412698413 0.222222222222222 0.952380952380952
110.1 0.412698412698413 0.222222222222222 0.968253968253968
110.5 0.396825396825397 0.222222222222222 0.952380952380952
110.9 0.380952380952381 0.238095238095238 0.936507936507937
111.3 0.396825396825397 0.238095238095238 1
111.36 0.380952380952381 0.253968253968254 0.936507936507937
111.76 0.380952380952381 0.238095238095238 0.968253968253968
112.16 0.380952380952381 0.206349206349206 0.952380952380952
112.56 0.396825396825397 0.222222222222222 0.936507936507937
112.96 0.380952380952381 0.222222222222222 0.952380952380952
113.36 0.396825396825397 0.238095238095238 0.984126984126984
113.76 0.396825396825397 0.222222222222222 0.936507936507937
114.16 0.396825396825397 0.222222222222222 0.984126984126984
114.4 0.380952380952381 0.222222222222222 0.920634920634921
114.8 0.365079365079365 0.222222222222222 0.920634920634921
114.96 0.380952380952381 0.206349206349206 1
115.1 0.396825396825397 0.206349206349206 0.936507936507937
115.5 0.396825396825397 0.238095238095238 0.952380952380952
115.9 0.396825396825397 0.238095238095238 0.936507936507937
116.3 0.380952380952381 0.238095238095238 0.984126984126984
116.6 0.396825396825397 0.206349206349206 0.920634920634921
116.73 0.396825396825397 0.222222222222222 1
116.96 0.380952380952381 0.19047619047619 0.936507936507937
117.2 0.396825396825397 0.253968253968254 0.968253968253968
117.6 0.396825396825397 0.222222222222222 1
117.7 0.380952380952381 0.19047619047619 0.920634920634921
117.76 0.380952380952381 0.253968253968254 0.952380952380952
118.16 0.380952380952381 0.238095238095238 0.968253968253968
118.56 0.396825396825397 0.238095238095238 0.968253968253968
118.96 0.380952380952381 0.238095238095238 0.952380952380952
119.36 0.396825396825397 0.206349206349206 0.968253968253968
119.76 0.396825396825397 0.222222222222222 0.952380952380952
120.16 0.412698412698413 0.222222222222222 0.984126984126984
120.56 0.396825396825397 0.238095238095238 0.984126984126984
120.96 0.396825396825397 0.238095238095238 0.952380952380952
121.36 0.396825396825397 0.222222222222222 0.968253968253968
121.76 0.380952380952381 0.238095238095238 0.968253968253968
122.16 0.380952380952381 0.206349206349206 0.952380952380952
122.56 0.396825396825397 0.206349206349206 0.952380952380952
122.96 0.396825396825397 0.222222222222222 0.952380952380952
123.36 0.396825396825397 0.206349206349206 0.968253968253968
123.76 0.396825396825397 0.222222222222222 0.936507936507937
124.16 0.396825396825397 0.222222222222222 0.952380952380952
124.56 0.380952380952381 0.222222222222222 0.984126984126984
124.96 0.396825396825397 0.206349206349206 0.952380952380952
125.36 0.396825396825397 0.222222222222222 0.952380952380952
125.76 0.380952380952381 0.238095238095238 0.952380952380952
126.16 0.396825396825397 0.238095238095238 0.968253968253968
126.49 0.380952380952381 0.174603174603175 0.968253968253968
