14 57 47 444
14 57 50 319

3.233 0.0793650793650794 0.0634920634920635 1.04761904761905
3.366 0.0793650793650794 0.0634920634920635 0.984126984126984
3.399 0.0793650793650794 0.0952380952380952 1.04761904761905
3.799 0.0793650793650794 0.0793650793650794 1.03174603174603
4.199 0.0793650793650794 0.0793650793650794 1.01587301587302
4.599 0.0952380952380952 0.0634920634920635 1.03174603174603
4.999 0.0634920634920635 0.0793650793650794 1.03174603174603
5.399 0.0952380952380952 0.0793650793650794 1.01587301587302
5.799 0.0793650793650794 0.0793650793650794 1.03174603174603
6.199 0.0634920634920635 0.0634920634920635 1.01587301587302
6.599 0.0793650793650794 0.0634920634920635 1.03174603174603
6.999 0.0793650793650794 0.0634920634920635 1
7.399 0.0793650793650794 0.0793650793650794 1.04761904761905
7.799 0.0793650793650794 0.0793650793650794 1.06349206349206
7.866 0.0793650793650794 0.0793650793650794 1
8.666 0.0634920634920635 0.0634920634920635 1.04761904761905
9.066 0.0634920634920635 0.0634920634920635 1
9.466 0.0793650793650794 0.0793650793650794 1.01587301587302
9.866 0.0793650793650794 0.0793650793650794 1.03174603174603
10.266 0.0634920634920635 0.0793650793650794 1.01587301587302
10.666 0.0634920634920635 0.0793650793650794 1.01587301587302
11.066 0.0793650793650794 0.0634920634920635 1.03174603174603
11.466 0.0793650793650794 0.0476190476190476 1.01587301587302
11.866 0.0634920634920635 0.0793650793650794 1.01587301587302
12.266 0.0793650793650794 0.0634920634920635 1.03174603174603
12.666 0.0793650793650794 0.0793650793650794 1.03174603174603
13.066 0.0476190476190476 0.0793650793650794 1.03174603174603
13.466 0.0793650793650794 0.0634920634920635 1.01587301587302
13.866 0.0952380952380952 0.0476190476190476 1
13.932 0.0793650793650794 0.0634920634920635 1.06349206349206
14.299 0.0793650793650794 0.0793650793650794 1
14.699 0.0793650793650794 0.0793650793650794 1.03174603174603
15.099 0.0793650793650794 0.0476190476190476 1.03174603174603
15.499 0.0634920634920635 0.0634920634920635 1.01587301587302
15.899 0.0793650793650794 0.0476190476190476 1.01587301587302
16.299 0.0793650793650794 0.0793650793650794 1.03174603174603
16.699 0.0952380952380952 0.0793650793650794 1.03174603174603
17.099 0.0793650793650794 0.0793650793650794 1
17.499 0.0793650793650794 0.0793650793650794 1
17.899 0.0793650793650794 0.0793650793650794 1.04761904761905
18.299 0.0952380952380952 0.0634920634920635 1.01587301587302
18.699 0.0793650793650794 0.0634920634920635 1.03174603174603
19.099 0.0793650793650794 0.0634920634920635 1.01587301587302
19.499 0.0793650793650794 0.0793650793650794 1.01587301587302
19.899 0.0793650793650794 0.0793650793650794 1.01587301587302
20.299 0.0634920634920635 0.0634920634920635 1.03174603174603
20.699 0.0793650793650794 0.0634920634920635 1.03174603174603
21.099 0.0793650793650794 0.0634920634920635 1.01587301587302
21.499 0.0793650793650794 0.0793650793650794 1
21.899 0.0793650793650794 0.0634920634920635 1
22.299 0.0793650793650794 0.0793650793650794 1.01587301587302
22.699 0.0793650793650794 0.0793650793650794 1.04761904761905
23.099 0.0476190476190476 0.0634920634920635 1.03174603174603
23.499 0.0793650793650794 0.0793650793650794 1.01587301587302
23.899 0.0634920634920635 0.0634920634920635 1.01587301587302
24.299 0.0793650793650794 0.0476190476190476 1
24.699 0.0793650793650794 0.0634920634920635 1.03174603174603
25.098 0.0793650793650794 0.0634920634920635 1.01587301587302
25.498 0.0793650793650794 0.0634920634920635 1.03174603174603
25.898 0.0793650793650794 0.0634920634920635 1.03174603174603
26.298 0.0793650793650794 0.0634920634920635 1.04761904761905
26.598 0.0793650793650794 0.0793650793650794 0.984126984126984
26.798 0.0793650793650794 0.0793650793650794 1.04761904761905
27.165 0.0634920634920635 0.0634920634920635 0.984126984126984
27.198 0.0634920634920635 0.0793650793650794 1.04761904761905
27.598 0.0793650793650794 0.0793650793650794 1.03174603174603
27.998 0.0793650793650794 0.0634920634920635 1.03174603174603
28.398 0.0793650793650794 0.0793650793650794 1.01587301587302
28.798 0.0634920634920635 0.0634920634920635 1.03174603174603
29.198 0.0793650793650794 0.0952380952380952 1.03174603174603
29.598 0.0952380952380952 0.0952380952380952 1.03174603174603
29.998 0.0634920634920635 0.0634920634920635 1.03174603174603
30.398 0.0793650793650794 0.0793650793650794 1.03174603174603
30.798 0.111111111111111 0.0634920634920635 1.06349206349206
30.832 0.0634920634920635 0.0793650793650794 1
31.232 0.0793650793650794 0.0952380952380952 1.01587301587302
31.632 0.0793650793650794 0.0793650793650794 1
32.098 0.0952380952380952 0.0634920634920635 1.01587301587302
32.498 0.0793650793650794 0.0634920634920635 1.01587301587302
32.898 0.0952380952380952 0.0634920634920635 1.03174603174603
33.298 0.0634920634920635 0.0793650793650794 1.03174603174603
33.698 0.0793650793650794 0.0634920634920635 1.04761904761905
34.098 0.0952380952380952 0.0793650793650794 1.03174603174603
34.498 0.0793650793650794 0.0634920634920635 1
35.298 0.0793650793650794 0.0634920634920635 1.01587301587302
35.698 0.0793650793650794 0.0793650793650794 1
36.098 0.0793650793650794 0.0793650793650794 1.01587301587302
36.498 0.0793650793650794 0.0634920634920635 1.04761904761905
36.898 0.0793650793650794 0.0952380952380952 1
37.298 0.0634920634920635 0.0793650793650794 1.01587301587302
38.098 0.0793650793650794 0.0634920634920635 1.01587301587302
38.498 0.0793650793650794 0.0634920634920635 1.03174603174603
38.898 0.0793650793650794 0.0793650793650794 1.01587301587302
39.698 0.0793650793650794 0.0793650793650794 1.01587301587302
40.498 0.0634920634920635 0.0793650793650794 1
40.565 0.0634920634920635 0.0952380952380952 1.06349206349206
40.798 0.0634920634920635 0.0952380952380952 0.984126984126984
40.998 0.0793650793650794 0.0634920634920635 1.04761904761905
41.331 0.0793650793650794 0.0952380952380952 1.03174603174603
41.731 0.0634920634920635 0.0952380952380952 1.06349206349206
41.898 0.0634920634920635 0.0634920634920635 1
42.298 0.0634920634920635 0.0793650793650794 1.03174603174603
42.698 0.0634920634920635 0.0634920634920635 1.03174603174603
43.098 0.0793650793650794 0.0793650793650794 1
43.498 0.0793650793650794 0.0634920634920635 1.01587301587302
43.898 0.0634920634920635 0.0793650793650794 1.01587301587302
44.298 0.0793650793650794 0.0793650793650794 1.01587301587302
44.698 0.0793650793650794 0.0634920634920635 1.03174603174603
45.098 0.0793650793650794 0.0634920634920635 1.04761904761905
45.498 0.0634920634920635 0.0793650793650794 0.984126984126984
45.831 0.0634920634920635 0.0476190476190476 1.04761904761905
45.964 0.0634920634920635 0.111111111111111 0.984126984126984
45.998 0.0952380952380952 0.0634920634920635 1.06349206349206
46.031 0.0476190476190476 0.0952380952380952 1
46.431 0.0634920634920635 0.0952380952380952 1
46.464 0.0634920634920635 0.0317460317460317 1.03174603174603
46.498 0.0793650793650794 0.0952380952380952 0.984126984126984
46.531 0.0952380952380952 0.0793650793650794 1.04761904761905
46.698 0.0634920634920635 0.0793650793650794 1.04761904761905
46.798 0.0634920634920635 0.0793650793650794 0.984126984126984
46.831 0.0793650793650794 0.0476190476190476 1.06349206349206
46.864 0.0634920634920635 0.111111111111111 0.984126984126984
46.931 0.0952380952380952 0.0317460317460317 1.07936507936508
46.964 0.0634920634920635 0.0952380952380952 1
47.298 0.0952380952380952 0.0634920634920635 1.06349206349206
47.331 0.0634920634920635 0.111111111111111 0.968253968253968
47.364 0.0793650793650794 0.0793650793650794 1.03174603174603
47.631 0.0793650793650794 0.0476190476190476 1.0952380952381
47.664 0.0634920634920635 0.111111111111111 1.01587301587302
47.764 0.0793650793650794 0.0476190476190476 1
47.931 0.0634920634920635 0.0476190476190476 1.07936507936508
47.964 0.0952380952380952 0.0634920634920635 1.01587301587302
48.364 0.0476190476190476 0.0952380952380952 1
48.398 0.0793650793650794 0.0317460317460317 1.04761904761905
48.431 0.0793650793650794 0.111111111111111 1.07936507936508
48.464 0.0952380952380952 0.0634920634920635 1
48.498 0.0952380952380952 0.0476190476190476 1.07936507936508
48.531 0.0634920634920635 0.0793650793650794 0.968253968253968
48.564 0.0793650793650794 0.0476190476190476 1.04761904761905
48.598 0.0634920634920635 0.0952380952380952 0.984126984126984
48.731 0.0793650793650794 0.0476190476190476 1.06349206349206
48.831 0.0634920634920635 0.0952380952380952 0.984126984126984
48.898 0.0793650793650794 0.0952380952380952 0.984126984126984
49.131 0.0634920634920635 0.0476190476190476 1.07936507936508
49.164 0.0634920634920635 0.0952380952380952 1
49.198 0.0952380952380952 0.0634920634920635 1.07936507936508
49.231 0.0634920634920635 0.111111111111111 0.984126984126984
49.264 0.0793650793650794 0.0634920634920635 1.04761904761905
49.398 0.0952380952380952 0.0793650793650794 0.984126984126984
49.431 0.0793650793650794 0.0634920634920635 1.06349206349206
49.531 0.0634920634920635 0.0793650793650794 0.952380952380952
49.564 0.0634920634920635 0.0952380952380952 1.01587301587302
49.964 0.0793650793650794 0.0793650793650794 0.984126984126984
50.031 0.0793650793650794 0.0793650793650794 1.04761904761905
50.431 0.0793650793650794 0.111111111111111 0.984126984126984
50.464 0.0793650793650794 0.0158730158730159 1.06349206349206
50.497 0.0476190476190476 0.0952380952380952 0.984126984126984
50.697 0.0634920634920635 0.0952380952380952 0.984126984126984
50.897 0.0793650793650794 0.0634920634920635 1.04761904761905
51.231 0.0793650793650794 0.0793650793650794 0.984126984126984
51.631 0.0793650793650794 0.0793650793650794 1.01587301587302
52.031 0.0793650793650794 0.0793650793650794 1
52.431 0.0634920634920635 0.0793650793650794 1.01587301587302
52.831 0.0793650793650794 0.0793650793650794 1
53.231 0.0634920634920635 0.0793650793650794 1.03174603174603
53.964 0.0634920634920635 0.142857142857143 1
54.097 0.0952380952380952 0.126984126984127 1.06349206349206
54.164 0.0634920634920635 0.0476190476190476 1
54.564 0.0634920634920635 0.111111111111111 1.01587301587302
54.831 0.0952380952380952 0.0476190476190476 1.01587301587302
55.231 0.0793650793650794 0.0793650793650794 1
55.331 0.0793650793650794 0.0634920634920635 1.06349206349206
55.364 0.0793650793650794 0.0634920634920635 1
55.764 0.0793650793650794 0.0793650793650794 1.04761904761905
55.864 0.0793650793650794 0.0634920634920635 0.984126984126984
55.897 0.0634920634920635 0.0793650793650794 1.04761904761905
56.297 0.0634920634920635 0.0793650793650794 1
56.631 0.0952380952380952 0.0793650793650794 1.06349206349206
56.664 0.0793650793650794 0.0793650793650794 0.984126984126984
56.997 0.0793650793650794 0.0793650793650794 1.06349206349206
57.097 0.0634920634920635 0.0634920634920635 1
57.497 0.0793650793650794 0.0634920634920635 1.06349206349206
57.531 0.0634920634920635 0.0793650793650794 1
58.331 0.0793650793650794 0.0793650793650794 1.01587301587302
58.73 0.0634920634920635 0.0793650793650794 1.01587301587302
59.13 0.0793650793650794 0.0952380952380952 0.984126984126984
59.164 0.0793650793650794 0.0952380952380952 1.04761904761905
59.564 0.0634920634920635 0.0793650793650794 1.03174603174603
59.964 0.0793650793650794 0.0793650793650794 1.01587301587302
60.36 0.0634920634920635 0.0793650793650794 1.01587301587302
60.76 0.0634920634920635 0.0793650793650794 1.03174603174603
61.16 0.0793650793650794 0.0634920634920635 1.01587301587302
61.56 0.0634920634920635 0.0634920634920635 1.03174603174603
61.96 0.0634920634920635 0.0793650793650794 1.03174603174603
62.36 0.0634920634920635 0.0793650793650794 1
62.46 0.0634920634920635 0.142857142857143 0.984126984126984
62.5 0.0793650793650794 0.0793650793650794 1.01587301587302
62.83 0.0952380952380952 0.0158730158730159 1.03174603174603
62.9 0.126984126984127 0.126984126984127 1.12698412698413
62.93 0.111111111111111 0.142857142857143 1.04761904761905
62.96 0.0317460317460317 0.0952380952380952 1.01587301587302
63.03 0.0158730158730159 0.0476190476190476 0.904761904761905
63.06 0.0634920634920635 0.0158730158730159 0.984126984126984
63.1 0.111111111111111 0.0634920634920635 1.04761904761905
63.16 0.111111111111111 0.158730158730159 1.0952380952381
63.2 0.111111111111111 0.0952380952380952 1.03174603174603
63.3 0.0158730158730159 0.0952380952380952 1
63.33 0 0.0634920634920635 0.904761904761905
63.36 0.0634920634920635 0.0476190476190476 0.936507936507937
63.4 0.111111111111111 0.0476190476190476 1.04761904761905
63.43 0.142857142857143 0.111111111111111 1.11111111111111
63.5 0.0317460317460317 0.0634920634920635 1.03174603174603
63.63 0.126984126984127 0.0634920634920635 1.04761904761905
63.7 0.0793650793650794 0.142857142857143 1.06349206349206
63.73 0.0476190476190476 0.0793650793650794 1
63.83 0.0793650793650794 0.111111111111111 1.07936507936508
63.86 0.0793650793650794 0.142857142857143 1
63.93 0.0952380952380952 0.0634920634920635 1.01587301587302
64 0.0158730158730159 0.0793650793650794 0.984126984126984
64.03 0.142857142857143 0.0634920634920635 1.0952380952381
64.06 0.142857142857143 0.126984126984127 1.11111111111111
64.13 0.111111111111111 0.0952380952380952 1
64.2 0.0476190476190476 0.0793650793650794 1.03174603174603
64.23 -0.0158730158730159 0.0952380952380952 1
64.3 0.0317460317460317 0.0317460317460317 0.952380952380952
64.33 0.126984126984127 0.0317460317460317 1.04761904761905
64.36 0.126984126984127 0.0952380952380952 1.11111111111111
64.43 0.0793650793650794 0.0952380952380952 1.03174603174603
64.56 0.126984126984127 0.0793650793650794 1.0952380952381
64.63 0.0634920634920635 0.0952380952380952 1.01587301587302
64.66 0.0317460317460317 0.0317460317460317 0.968253968253968
64.7 0.0952380952380952 0.0317460317460317 0.984126984126984
64.73 0.111111111111111 0.0952380952380952 1.07936507936508
64.86 0.0634920634920635 0.0634920634920635 1.03174603174603
64.93 0 0.0793650793650794 0.968253968253968
64.96 0 0.0634920634920635 0.904761904761905
65.03 0.0793650793650794 0.142857142857143 1.03174603174603
65.06 0.0793650793650794 0.0793650793650794 0.952380952380952
65.16 0.0158730158730159 0.111111111111111 0.984126984126984
65.23 0.0793650793650794 0.0476190476190476 1
65.26 0.142857142857143 0.0634920634920635 1.07936507936508
65.33 0.0952380952380952 0.142857142857143 1.07936507936508
65.36 0.0952380952380952 0.0952380952380952 1.01587301587302
65.46 0 0.0952380952380952 1.03174603174603
65.5 -0.0317460317460317 0.0793650793650794 0.952380952380952
65.53 0 0.0476190476190476 0.888888888888889
65.56 0.0634920634920635 0.0317460317460317 1
65.6 0.0952380952380952 0.111111111111111 1
65.63 0.0793650793650794 0.0476190476190476 1
65.7 0.0793650793650794 0.111111111111111 1.06349206349206
65.8 0.0952380952380952 0.0634920634920635 1.03174603174603
65.86 0.0158730158730159 0.0952380952380952 1.01587301587302
65.9 -0.0158730158730159 0.0793650793650794 0.936507936507937
65.96 0.0634920634920635 0 0.984126984126984
66 0.126984126984127 0.0476190476190476 1.0952380952381
66.03 0.111111111111111 0.126984126984127 1.11111111111111
66.06 0.111111111111111 0.158730158730159 1.03174603174603
66.13 0 0.0793650793650794 0.952380952380952
66.2 0.0793650793650794 0.0476190476190476 0.984126984126984
66.23 0.142857142857143 0.0634920634920635 1.04761904761905
66.26 0.126984126984127 0.142857142857143 1.11111111111111
66.3 0.111111111111111 0.142857142857143 1.03174603174603
66.43 0 0.0952380952380952 1.03174603174603
66.46 0.0158730158730159 0.0952380952380952 0.936507936507937
66.53 0.111111111111111 0.0634920634920635 1.03174603174603
66.56 0.142857142857143 0.0793650793650794 1.0952380952381
66.66 0.0952380952380952 0.111111111111111 1
66.7 -0.0158730158730159 0.0793650793650794 0.952380952380952
66.76 0.0952380952380952 0.0317460317460317 1.01587301587302
66.8 0.158730158730159 0.0634920634920635 1.12698412698413
66.83 0.142857142857143 0.126984126984127 1.12698412698413
66.86 0.0793650793650794 0.111111111111111 1.03174603174603
66.93 0.0476190476190476 0.0476190476190476 0.968253968253968
67 0.0952380952380952 0.126984126984127 1.04761904761905
67.06 0.0793650793650794 0.0793650793650794 0.952380952380952
67.1 0.0793650793650794 0.0476190476190476 1.01587301587302
67.16 0 0.111111111111111 0.984126984126984
67.23 0.142857142857143 0.142857142857143 1.12698412698413
67.3 0.0952380952380952 0.126984126984127 1.01587301587302
67.36 0.0634920634920635 0.0476190476190476 1.03174603174603
67.43 -0.0158730158730159 0.0793650793650794 0.936507936507937
67.5 0.0952380952380952 0.0476190476190476 1.01587301587302
67.53 0.142857142857143 0.0634920634920635 1.0952380952381
67.56 0.142857142857143 0.142857142857143 1.15873015873016
67.63 0.0952380952380952 0.0793650793650794 0.968253968253968
67.66 0.0793650793650794 0.0317460317460317 1.03174603174603
67.73 0 0.0952380952380952 1
67.76 0.126984126984127 0.0634920634920635 1.0952380952381
67.8 0.126984126984127 0.142857142857143 1.11111111111111
67.86 0.0317460317460317 0.0476190476190476 0.952380952380952
67.9 0.0793650793650794 0.0793650793650794 1.03174603174603
68.3 0.0793650793650794 0.0634920634920635 1.03174603174603
68.7 0.0793650793650794 0.0634920634920635 1.01587301587302
69.5 0.0793650793650794 0.0793650793650794 0.984126984126984
69.53 0.0476190476190476 0.0793650793650794 1.04761904761905
69.93 0.0793650793650794 0.0952380952380952 1.01587301587302
70.33 0.0634920634920635 0.0793650793650794 1.03174603174603
70.73 0.0634920634920635 0.0793650793650794 1
70.93 0.126984126984127 -0.0476190476190476 0.920634920634921
70.96 0.111111111111111 0.142857142857143 1.61904761904762
71 0.111111111111111 0.142857142857143 1.44444444444444
71.03 -0.0476190476190476 0.0952380952380952 1.55555555555556
71.06 0.0952380952380952 0.0952380952380952 0.634920634920635
71.1 0.0158730158730159 0.0317460317460317 1.36507936507937
71.13 -0.0158730158730159 0.0952380952380952 0.936507936507937
71.16 0.142857142857143 0.0952380952380952 0.825396825396825
71.2 -0.0634920634920635 0.0476190476190476 1.42857142857143
71.23 0.174603174603175 0.126984126984127 0.380952380952381
71.26 -0.0158730158730159 0.0634920634920635 1.61904761904762
71.3 0.0952380952380952 0.111111111111111 0.619047619047619
71.33 0.111111111111111 0.174603174603175 1.07936507936508
71.36 0 0.142857142857143 1.33333333333333
71.4 0.158730158730159 0.142857142857143 0.650793650793651
71.43 -0.0634920634920635 0.111111111111111 0.650793650793651
71.46 -0.0634920634920635 0.0317460317460317 1.55555555555556
71.5 0.158730158730159 0.158730158730159 0.380952380952381
71.53 0.0158730158730159 0.126984126984127 1.44444444444444
71.56 0.0476190476190476 0.0634920634920635 0.904761904761905
71.6 0.142857142857143 0.19047619047619 0.825396825396825
71.63 -0.0317460317460317 0.0952380952380952 1.57142857142857
71.66 0.158730158730159 0.126984126984127 0.476190476190476
71.7 -0.0317460317460317 0.126984126984127 1.50793650793651
71.73 0.0476190476190476 0.142857142857143 0.682539682539683
71.76 0.0952380952380952 0.0952380952380952 1.07936507936508
71.8 -0.0952380952380952 0.0634920634920635 1.3968253968254
71.83 0.158730158730159 0.158730158730159 0.396825396825397
71.9 0.0476190476190476 0.0952380952380952 0.650793650793651
71.93 0.142857142857143 0.19047619047619 0.888888888888889
71.96 0.0793650793650794 0.111111111111111 1.03174603174603
72 -0.0317460317460317 0.126984126984127 1.38095238095238
72.03 0.174603174603175 0.142857142857143 0.523809523809524
72.1 0.0476190476190476 0.158730158730159 0.571428571428571
72.13 0.0793650793650794 0.126984126984127 1.15873015873016
72.16 -0.0317460317460317 0.0634920634920635 1.36507936507937
72.2 0.174603174603175 0.174603174603175 0.365079365079365
72.23 0 0.111111111111111 1.61904761904762
72.26 0.111111111111111 0.126984126984127 0.634920634920635
72.3 0.0793650793650794 0.142857142857143 1.07936507936508
72.33 0 0.111111111111111 1.33333333333333
72.36 0.158730158730159 0.126984126984127 0.571428571428571
72.4 -0.0634920634920635 0.111111111111111 1.57142857142857
72.43 0.0952380952380952 0.158730158730159 0.523809523809524
72.5 0.111111111111111 0.158730158730159 1.14285714285714
72.53 0 0.111111111111111 1.38095238095238
72.56 0.158730158730159 0.158730158730159 0.444444444444444
72.6 -0.0476190476190476 0.142857142857143 1.57142857142857
72.63 0.111111111111111 0.126984126984127 0.650793650793651
72.66 0.0476190476190476 0.0793650793650794 1.17460317460317
72.7 -0.0476190476190476 0.111111111111111 1.28571428571429
72.73 0.19047619047619 0.126984126984127 0.492063492063492
72.76 -0.0317460317460317 0.0634920634920635 1.6031746031746
72.8 0.0793650793650794 0.142857142857143 0.53968253968254
72.83 0.142857142857143 0.174603174603175 1.04761904761905
72.86 -0.0317460317460317 0.0952380952380952 1.53968253968254
72.9 0.174603174603175 0.126984126984127 0.412698412698413
72.93 0 0.158730158730159 1.52380952380952
72.96 0.0634920634920635 0.0793650793650794 1.57142857142857
73 0.0317460317460317 0.142857142857143 0.650793650793651
73.03 0.111111111111111 0.142857142857143 0.984126984126984
73.06 -0.0476190476190476 0.0476190476190476 1.46031746031746
73.1 0.158730158730159 0.142857142857143 0.365079365079365
73.13 0.0158730158730159 0.126984126984127 1.47619047619048
73.16 0.0476190476190476 0.0793650793650794 1
73.2 0.142857142857143 0.19047619047619 0.793650793650794
73.23 -0.0476190476190476 0.126984126984127 1.52380952380952
73.26 0.142857142857143 0.126984126984127 0.53968253968254
73.3 -0.0158730158730159 0.111111111111111 1.44444444444444
73.33 0.0158730158730159 0.126984126984127 0.904761904761905
73.36 0.126984126984127 0.111111111111111 0.761904761904762
73.43 0.142857142857143 0.158730158730159 0.444444444444444
73.46 0.0317460317460317 0.126984126984127 1.3968253968254
73.5 0.0158730158730159 0.206349206349206 1.28571428571429
73.53 0.0476190476190476 0.126984126984127 1.12698412698413
73.56 0.126984126984127 0.111111111111111 0.73015873015873
73.6 -0.0634920634920635 0.0793650793650794 1.50793650793651
73.63 0.111111111111111 0.158730158730159 0.476190476190476
73.66 0.0317460317460317 0.0952380952380952 1.34920634920635
73.7 -0.0158730158730159 0.111111111111111 1.12698412698413
73.73 0.158730158730159 0.142857142857143 0.476190476190476
73.76 -0.0158730158730159 0.0634920634920635 1.6031746031746
73.8 0.0952380952380952 0.111111111111111 0.619047619047619
73.83 0.0952380952380952 0.206349206349206 1.12698412698413
73.86 0 0.142857142857143 1.38095238095238
73.9 0.142857142857143 0.126984126984127 0.571428571428571
73.93 -0.0634920634920635 0.111111111111111 1.49206349206349
73.96 0.0952380952380952 0.142857142857143 0.650793650793651
74.03 0.142857142857143 0.19047619047619 0.984126984126984
74.06 -0.0158730158730159 0.0793650793650794 1.49206349206349
74.1 0.174603174603175 0.142857142857143 0.492063492063492
74.13 0 0.158730158730159 1.47619047619048
74.16 0.0634920634920635 0.126984126984127 0.873015873015873
74.2 0.0793650793650794 0.126984126984127 1
74.23 -0.0317460317460317 0.126984126984127 1.38095238095238
74.26 0.142857142857143 0.142857142857143 0.555555555555556
74.3 -0.0158730158730159 0.0634920634920635 1.47619047619048
74.33 0.0158730158730159 0.126984126984127 0.80952380952381
74.36 0.142857142857143 0.158730158730159 0.682539682539683
74.4 -0.0476190476190476 0.0634920634920635 1.55555555555556
74.43 0.142857142857143 0.126984126984127 0.492063492063492
74.46 0.0476190476190476 0.158730158730159 1.31746031746032
74.5 0.0476190476190476 0.126984126984127 1.15873015873016
74.53 0.0158730158730159 0.126984126984127 0.936507936507937
74.56 0.126984126984127 0.126984126984127 0.746031746031746
74.6 -0.0634920634920635 0.0793650793650794 1.49206349206349
74.63 0.111111111111111 0.158730158730159 0.492063492063492
74.66 0.0476190476190476 0.126984126984127 1.25396825396825
74.73 0.158730158730159 0.19047619047619 0.555555555555556
74.76 -0.0158730158730159 0.111111111111111 1.50793650793651
74.8 0.0952380952380952 0.142857142857143 0.682539682539683
74.83 0.0317460317460317 0.111111111111111 1.22222222222222
74.86 -0.0158730158730159 0.142857142857143 1.15873015873016
74.9 0.142857142857143 0.142857142857143 0.682539682539683
74.93 -0.0793650793650794 0.0476190476190476 1.50793650793651
74.96 0.0793650793650794 0.142857142857143 0.53968253968254
75 0.0793650793650794 0.126984126984127 1.23809523809524
75.03 0.0952380952380952 0.19047619047619 1.0952380952381
75.06 0 0.126984126984127 1.34920634920635
75.1 0.142857142857143 0.158730158730159 0.619047619047619
75.13 -0.0476190476190476 0.0952380952380952 1.44444444444444
75.16 0.0793650793650794 0.126984126984127 0.634920634920635
75.2 0.0634920634920635 0.0952380952380952 1.19047619047619
75.23 -0.0476190476190476 0.0952380952380952 1.25396825396825
75.26 0.158730158730159 0.19047619047619 0.428571428571429
75.3 -0.0317460317460317 0.0793650793650794 1.58730158730159
75.33 0.0634920634920635 0.111111111111111 0.666666666666667
75.36 0.142857142857143 0.19047619047619 0.936507936507937
75.4 -0.0158730158730159 0.111111111111111 1.47619047619048
75.43 0.174603174603175 0.126984126984127 0.53968253968254
75.46 -0.0317460317460317 0.111111111111111 1.46031746031746
75.5 0.0793650793650794 0.0952380952380952 0.793650793650794
75.53 0.0952380952380952 0.0952380952380952 0.714285714285714
75.56 0.142857142857143 0.174603174603175 0.841269841269841
75.6 -0.0476190476190476 0.0793650793650794 1.55555555555556
75.63 0.158730158730159 0.19047619047619 0.428571428571429
75.66 0.0158730158730159 0.142857142857143 1.36507936507937
75.7 0.0476190476190476 0.111111111111111 1.03174603174603
75.73 0.142857142857143 0.174603174603175 0.857142857142857
75.76 -0.0793650793650794 0.126984126984127 1.47619047619048
75.8 0.158730158730159 0.142857142857143 0.571428571428571
75.83 -0.0317460317460317 0.0634920634920635 1.41269841269841
75.86 -0.0158730158730159 0.111111111111111 0.920634920634921
75.9 0.158730158730159 0.126984126984127 0.650793650793651
75.93 -0.0634920634920635 0.0476190476190476 1.55555555555556
75.96 0.142857142857143 0.158730158730159 0.428571428571429
76 0.0634920634920635 0.142857142857143 1.28571428571429
76.03 0.0317460317460317 0.111111111111111 1.22222222222222
76.06 0.0317460317460317 0.142857142857143 1.04761904761905
76.1 -0.0476190476190476 0.126984126984127 1.55555555555556
76.13 -0.0952380952380952 0.0634920634920635 1.52380952380952
76.2 0.0476190476190476 0.111111111111111 1.31746031746032
76.23 -0.0317460317460317 0.0634920634920635 1.17460317460317
76.26 0.158730158730159 0.174603174603175 0.476190476190476
76.3 -0.0158730158730159 0.111111111111111 1.63492063492063
76.33 -0.0793650793650794 0.126984126984127 1.12698412698413
76.36 0.0158730158730159 0.158730158730159 0.904761904761905
76.43 0.0793650793650794 0.142857142857143 1.03174603174603
76.83 0.0317460317460317 0.111111111111111 1.03174603174603
77.23 0.0476190476190476 0.126984126984127 1.01587301587302
77.63 0.0476190476190476 0.111111111111111 1.03174603174603
78.03 0.0476190476190476 0.126984126984127 1.03174603174603
78.43 0.0317460317460317 0.142857142857143 1.03174603174603
78.83 0.0476190476190476 0.126984126984127 1.03174603174603
79.23 0.0476190476190476 0.126984126984127 1.03174603174603
79.33 0.0317460317460317 0.206349206349206 0.920634920634921
79.36 0.0793650793650794 0.0158730158730159 1.63492063492063
79.4 -0.0476190476190476 0.285714285714286 1.50793650793651
79.43 0.0952380952380952 0.365079365079365 1.12698412698413
79.46 0.380952380952381 0.222222222222222 0.333333333333333
79.5 0.380952380952381 0.111111111111111 0
79.53 0.396825396825397 -0.0317460317460317 -0.0634920634920635
79.56 0.380952380952381 -0.142857142857143 -0.0793650793650794
79.6 0.317460317460317 -0.19047619047619 0.0793650793650794
79.63 0.238095238095238 -0.174603174603175 0.444444444444444
79.66 0.142857142857143 -0.126984126984127 0.80952380952381
79.7 0.0476190476190476 -0.0317460317460317 1.22222222222222
79.73 0 0.0793650793650794 1.49206349206349
79.76 -0.0634920634920635 0.126984126984127 1.55555555555556
79.8 -0.111111111111111 -0.126984126984127 0.111111111111111
79.83 -0.206349206349206 -0.19047619047619 0.0952380952380952
79.86 0.222222222222222 -0.222222222222222 0.253968253968254
79.9 0.158730158730159 -0.19047619047619 0.523809523809524
79.93 0.126984126984127 -0.111111111111111 0.80952380952381
79.96 0.0952380952380952 -0.0476190476190476 1.12698412698413
80 0.0476190476190476 0.0317460317460317 1.34920634920635
80.06 0 0.0952380952380952 1.33333333333333
80.1 -0.0317460317460317 0.0634920634920635 1.23809523809524
80.13 -0.0952380952380952 0.0317460317460317 1.17460317460317
80.2 -0.158730158730159 -0.0158730158730159 1.0952380952381
80.26 -0.158730158730159 -0.0158730158730159 1.28571428571429
80.3 -0.158730158730159 0.0317460317460317 1.49206349206349
80.33 -0.19047619047619 0.0952380952380952 1.65079365079365
80.36 0.222222222222222 -0.0317460317460317 0.603174603174603
80.4 0.238095238095238 -0.126984126984127 0.412698412698413
80.43 0.253968253968254 -0.142857142857143 0.253968253968254
80.53 0.317460317460317 -0.19047619047619 0.142857142857143
80.6 0.26984126984127 -0.0793650793650794 0.603174603174603
80.63 0.238095238095238 -0.0317460317460317 0.80952380952381
80.66 0.206349206349206 0.0158730158730159 0.936507936507937
80.7 0.222222222222222 0.0158730158730159 0.841269841269841
80.73 0.253968253968254 -0.0158730158730159 0.619047619047619
80.76 0.253968253968254 -0.0634920634920635 0.365079365079365
80.8 0.301587301587302 -0.126984126984127 0.174603174603175
80.83 0.317460317460317 -0.142857142857143 0.0317460317460317
80.86 0.365079365079365 -0.142857142857143 -0.0634920634920635
80.9 0.285714285714286 0.26984126984127 1.04761904761905
80.96 0.253968253968254 0.317460317460317 0.952380952380952
81 0.26984126984127 0.333333333333333 0.841269841269841
81.03 0.26984126984127 0.285714285714286 0.619047619047619
81.06 0.285714285714286 0.285714285714286 0.492063492063492
81.1 0.222222222222222 0.301587301587302 0.476190476190476
81.13 0.206349206349206 0.285714285714286 0.634920634920635
81.2 0.0793650793650794 0.285714285714286 1.14285714285714
81.23 0.0317460317460317 0.285714285714286 1.38095238095238
81.26 0 0.317460317460317 1.57142857142857
81.36 -0.0634920634920635 0.412698412698413 1.58730158730159
81.4 -0.0793650793650794 0.126984126984127 1.50793650793651
81.43 -0.285714285714286 0.0634920634920635 1.44444444444444
81.46 -0.222222222222222 0.0476190476190476 1.44444444444444
81.5 -0.19047619047619 0.0476190476190476 1.50793650793651
81.53 -0.126984126984127 0.0793650793650794 1.58730158730159
81.6 -0.0793650793650794 0.158730158730159 1.65079365079365
81.63 -0.0317460317460317 0.111111111111111 1.44444444444444
81.66 -0.0317460317460317 0.0793650793650794 1.26984126984127
81.7 -0.0317460317460317 0 1
81.73 0.0158730158730159 -0.0793650793650794 0.777777777777778
81.76 0.0476190476190476 -0.158730158730159 0.587301587301587
81.8 0.126984126984127 -0.206349206349206 0.396825396825397
81.86 0.206349206349206 -0.158730158730159 0.53968253968254
81.9 0.206349206349206 -0.0952380952380952 0.666666666666667
81.93 0.349206349206349 0.238095238095238 0.507936507936508
81.96 0.380952380952381 0.222222222222222 0.253968253968254
82.03 0.317460317460317 0.238095238095238 0.26984126984127
82.06 0.253968253968254 0.238095238095238 0.476190476190476
82.1 0.158730158730159 0.26984126984127 0.825396825396825
82.13 0.0317460317460317 0.301587301587302 1.19047619047619
82.16 -0.0634920634920635 0.301587301587302 1.52380952380952
82.2 -0.0952380952380952 0.349206349206349 1.73015873015873
82.23 -0.142857142857143 0.380952380952381 1.85714285714286
82.3 -0.253968253968254 0.396825396825397 1.92063492063492
82.36 -0.349206349206349 0.380952380952381 1.85714285714286
82.4 -0.365079365079365 0.317460317460317 1.76190476190476
82.43 0.0317460317460317 -0.0952380952380952 1.03174603174603
82.46 0.0793650793650794 -0.0476190476190476 1.0952380952381
82.5 0.111111111111111 -0.0158730158730159 1.15873015873016
82.53 0.142857142857143 0.0158730158730159 1.07936507936508
82.56 0.19047619047619 0 0.873015873015873
82.6 0.238095238095238 -0.0317460317460317 0.587301587301587
82.63 0.26984126984127 -0.0793650793650794 0.301587301587302
82.66 0.333333333333333 -0.126984126984127 0.0952380952380952
82.7 0.380952380952381 -0.0793650793650794 -0.0793650793650794
82.76 0.444444444444444 0 0.0476190476190476
82.8 0.412698412698413 0.0952380952380952 0.317460317460317
82.83 0.396825396825397 0.206349206349206 0.619047619047619
82.86 0.365079365079365 0.222222222222222 0.761904761904762
82.9 0.317460317460317 0.26984126984127 0.873015873015873
82.93 -0.333333333333333 0.365079365079365 1.80952380952381
82.96 -0.365079365079365 0.285714285714286 1.76190476190476
83 -0.396825396825397 0.222222222222222 1.77777777777778
83.03 -0.365079365079365 0.158730158730159 1.76190476190476
83.1 -0.238095238095238 0.126984126984127 1.73015873015873
83.13 -0.174603174603175 0.142857142857143 1.73015873015873
83.16 -0.111111111111111 0.158730158730159 1.68253968253968
83.2 -0.0476190476190476 0.142857142857143 1.52380952380952
83.26 0.0476190476190476 -0.0158730158730159 0.968253968253968
83.3 0.0793650793650794 -0.111111111111111 0.619047619047619
83.33 0.158730158730159 -0.174603174603175 0.396825396825397
83.36 0.238095238095238 -0.19047619047619 0.158730158730159
83.4 0.317460317460317 -0.19047619047619 0.111111111111111
83.43 0.349206349206349 0.26984126984127 0.936507936507937
83.46 0.238095238095238 0.349206349206349 1.04761904761905
83.5 0.158730158730159 0.365079365079365 1.06349206349206
83.53 0.0952380952380952 0.365079365079365 1.07936507936508
83.56 0.0158730158730159 0.365079365079365 1.15873015873016
83.6 -0.126984126984127 0.365079365079365 1.33333333333333
83.63 -0.238095238095238 0.333333333333333 1.50793650793651
83.66 -0.317460317460317 0.285714285714286 1.74603174603175
83.7 -0.380952380952381 0.253968253968254 1.9047619047619
83.73 -0.380952380952381 0.253968253968254 2
83.8 -0.285714285714286 0.285714285714286 2.01587301587302
83.83 -0.222222222222222 0.253968253968254 1.93650793650794
83.86 -0.19047619047619 0.222222222222222 1.6984126984127
83.9 -0.126984126984127 0.142857142857143 1.44444444444444
83.93 -0.0793650793650794 0.0317460317460317 1.11111111111111
83.96 0.428571428571429 -0.0634920634920635 0.0793650793650794
84 0.412698412698413 0.0317460317460317 0.317460317460317
84.03 0.380952380952381 0.174603174603175 0.571428571428571
84.06 0.349206349206349 0.206349206349206 0.746031746031746
84.1 0.301587301587302 0.26984126984127 0.857142857142857
84.16 0.253968253968254 0.349206349206349 0.777777777777778
84.23 0.0476190476190476 0.349206349206349 0.968253968253968
84.26 -0.0952380952380952 0.333333333333333 1.25396825396825
84.3 -0.238095238095238 0.317460317460317 1.55555555555556
84.33 -0.333333333333333 0.26984126984127 1.82539682539683
84.36 -0.396825396825397 0.26984126984127 1.96825396825397
84.43 -0.301587301587302 0.26984126984127 2.01587301587302
84.46 -0.222222222222222 0.26984126984127 1.88888888888889
84.5 0.253968253968254 -0.158730158730159 0.301587301587302
84.53 0.333333333333333 -0.142857142857143 0.0317460317460317
84.56 0.412698412698413 -0.0952380952380952 -0.0476190476190476
84.6 0.428571428571429 -0.0158730158730159 -0.0158730158730159
84.63 0.412698412698413 0.0793650793650794 0.253968253968254
84.66 0.365079365079365 0.19047619047619 0.555555555555556
84.7 0.333333333333333 0.253968253968254 0.841269841269841
84.73 0.253968253968254 0.301587301587302 1.03174603174603
84.8 0.0476190476190476 0.396825396825397 1.3015873015873
84.83 -0.0793650793650794 0.396825396825397 1.42857142857143
84.86 0.0793650793650794 -0.0476190476190476 0.984126984126984
84.9 0.206349206349206 0.0793650793650794 0.571428571428571
84.93 0.0158730158730159 0.126984126984127 1.14285714285714
84.96 0.0317460317460317 0.111111111111111 1.01587301587302
85.03 0.0317460317460317 0.19047619047619 1
85.26 0.0317460317460317 0.126984126984127 1
85.66 0.0317460317460317 0.158730158730159 1.01587301587302
86.06 0.0317460317460317 0.158730158730159 0.984126984126984
86.46 0.0476190476190476 0.158730158730159 1.01587301587302
86.86 0.0317460317460317 0.158730158730159 1
87.26 0.0317460317460317 0.142857142857143 1
87.66 0.0317460317460317 0.142857142857143 1.01587301587302
87.86 0.0158730158730159 0.333333333333333 1.04761904761905
87.9 0.0634920634920635 0.26984126984127 0.873015873015873
87.93 0.0952380952380952 0.0317460317460317 0.53968253968254
87.96 0 0.158730158730159 1.12698412698413
88 -0.0317460317460317 0.301587301587302 1.53968253968254
88.03 0.0793650793650794 0.126984126984127 0.777777777777778
88.06 0.0952380952380952 0.0634920634920635 0.555555555555556
88.1 0 0.158730158730159 1.25396825396825
88.13 0 0.222222222222222 1.36507936507937
88.16 0.0634920634920635 0.126984126984127 0.619047619047619
88.2 0.0317460317460317 0.253968253968254 1.03174603174603
88.23 0.111111111111111 0.0317460317460317 0.53968253968254
88.3 -0.0317460317460317 0.26984126984127 1.53968253968254
88.33 0.0634920634920635 0.126984126984127 0.777777777777778
88.36 0.0793650793650794 0.0317460317460317 0.603174603174603
88.43 0 0.238095238095238 1.26984126984127
88.46 0.0793650793650794 0.126984126984127 0.555555555555556
88.5 0.0317460317460317 0.0793650793650794 0.888888888888889
88.56 0.0793650793650794 0.238095238095238 0.920634920634921
88.6 0.0952380952380952 0.0476190476190476 0.571428571428571
88.63 -0.0158730158730159 0.174603174603175 1.26984126984127
88.66 -0.0317460317460317 0.301587301587302 1.47619047619048
88.7 0.111111111111111 0.0793650793650794 0.650793650793651
88.73 0.0158730158730159 0.19047619047619 1.04761904761905
88.76 0.0793650793650794 0.0793650793650794 0.507936507936508
88.8 -0.0158730158730159 0.126984126984127 1.12698412698413
88.83 -0.0317460317460317 0.317460317460317 1.47619047619048
88.9 0.0793650793650794 0.0476190476190476 0.698412698412698
88.93 -0.0317460317460317 0.238095238095238 1.46031746031746
88.96 0.0317460317460317 0.206349206349206 1.19047619047619
89.1 0.0476190476190476 0.174603174603175 0.825396825396825
89.13 0.0793650793650794 0.0634920634920635 0.603174603174603
89.16 -0.0158730158730159 0.206349206349206 1.26984126984127
89.2 0 0.317460317460317 1.34920634920635
89.23 0.111111111111111 0.126984126984127 0.571428571428571
89.26 0.0476190476190476 0.158730158730159 0.936507936507937
89.3 0.0793650793650794 0.0476190476190476 0.555555555555556
89.33 -0.0158730158730159 0.142857142857143 1.23809523809524
89.36 -0.0158730158730159 0.222222222222222 1.34920634920635
89.43 0.0476190476190476 0.0793650793650794 0.80952380952381
89.46 -0.0317460317460317 0.285714285714286 1.49206349206349
89.5 0.0634920634920635 0.238095238095238 1.01587301587302
89.53 0.0952380952380952 0.0634920634920635 0.555555555555556
89.56 0 0.158730158730159 1.25396825396825
89.6 -0.0158730158730159 0.285714285714286 1.52380952380952
89.63 0.0793650793650794 0.0952380952380952 0.650793650793651
89.7 -0.0476190476190476 0.206349206349206 1.47619047619048
89.73 0.0317460317460317 0.206349206349206 1.07936507936508
89.76 0.0952380952380952 0.0476190476190476 0.507936507936508
89.8 0.0952380952380952 0.158730158730159 0.650793650793651
89.83 0.0793650793650794 0.0634920634920635 0.73015873015873
89.86 -0.0317460317460317 0.253968253968254 1.49206349206349
89.9 0.0317460317460317 0.174603174603175 1.11111111111111
89.93 0.111111111111111 0.0476190476190476 0.444444444444444
89.96 -0.0158730158730159 0.142857142857143 1.12698412698413
90 -0.0158730158730159 0.222222222222222 1.47619047619048
90.03 0.0952380952380952 0.126984126984127 0.666666666666667
90.1 -0.0317460317460317 0.253968253968254 1.46031746031746
90.13 0.0634920634920635 0.253968253968254 1
90.16 0.111111111111111 0.0634920634920635 0.571428571428571
90.2 -0.0158730158730159 0.19047619047619 1.23809523809524
90.23 -0.0317460317460317 0.285714285714286 1.49206349206349
90.26 0.0952380952380952 0.0793650793650794 0.587301587301587
90.33 0.0952380952380952 0.0634920634920635 0.555555555555556
90.36 0 0.174603174603175 1.28571428571429
90.4 -0.0317460317460317 0.317460317460317 1.36507936507937
90.43 0.126984126984127 0.111111111111111 0.555555555555556
90.46 0.0317460317460317 0.0952380952380952 0.904761904761905
90.53 0.0634920634920635 0.174603174603175 0.841269841269841
90.56 0.0952380952380952 0.0476190476190476 0.523809523809524
90.6 0 0.19047619047619 1.33333333333333
90.7 0.0317460317460317 0.111111111111111 0.968253968253968
90.73 -0.0317460317460317 0.285714285714286 1.50793650793651
90.76 0.0952380952380952 0.206349206349206 0.73015873015873
90.8 0.0634920634920635 0.0476190476190476 0.650793650793651
90.83 0.111111111111111 0.0634920634920635 0.46031746031746
90.9 -0.0158730158730159 0.253968253968254 1.50793650793651
90.93 0.0634920634920635 0.126984126984127 0.746031746031746
90.96 0.0476190476190476 0.0793650793650794 0.682539682539683
91 -0.0317460317460317 0.222222222222222 1.44444444444444
91.03 0.0158730158730159 0.253968253968254 1.12698412698413
91.06 0.0952380952380952 0.0634920634920635 0.507936507936508
91.1 0 0.174603174603175 1.11111111111111
91.13 -0.0317460317460317 0.317460317460317 1.52380952380952
91.16 0.0952380952380952 0.111111111111111 0.619047619047619
91.23 -0.0317460317460317 0.238095238095238 1.52380952380952
91.33 0 0.142857142857143 1.15873015873016
91.36 0.0476190476190476 0.0793650793650794 0.857142857142857
91.4 -0.0634920634920635 0.301587301587302 1.58730158730159
91.46 0.111111111111111 0.0476190476190476 0.476190476190476
91.5 0.0158730158730159 0.174603174603175 1.19047619047619
91.53 -0.0158730158730159 0.222222222222222 1.3968253968254
91.56 0.0793650793650794 0.0793650793650794 0.587301587301587
91.63 -0.0317460317460317 0.238095238095238 1.49206349206349
91.66 0.0634920634920635 0.222222222222222 0.936507936507937
91.7 0.0793650793650794 0.0634920634920635 0.587301587301587
91.73 -0.0317460317460317 0.206349206349206 1.31746031746032
91.76 0 0.301587301587302 1.34920634920635
91.8 0.111111111111111 0.0634920634920635 0.523809523809524
91.86 -0.0476190476190476 0.253968253968254 1.58730158730159
91.9 -0.0158730158730159 0.174603174603175 1.31746031746032
91.96 0.111111111111111 0.126984126984127 0.523809523809524
92 0.0158730158730159 0.126984126984127 1.03174603174603
92.03 -0.0317460317460317 0.301587301587302 1.57142857142857
92.06 0.0634920634920635 0.158730158730159 0.73015873015873
92.1 0.0952380952380952 0.0634920634920635 0.619047619047619
92.13 -0.0158730158730159 0.206349206349206 1.44444444444444
92.16 0.0158730158730159 0.19047619047619 1.19047619047619
92.2 0.0793650793650794 0.0476190476190476 0.492063492063492
92.23 0.0158730158730159 0.126984126984127 1.07936507936508
92.26 -0.0158730158730159 0.26984126984127 1.44444444444444
92.3 0.0952380952380952 0.174603174603175 0.634920634920635
92.33 0.0634920634920635 0.0634920634920635 0.761904761904762
92.36 -0.0476190476190476 0.253968253968254 1.47619047619048
92.4 0.0634920634920635 0.253968253968254 1.07936507936508
92.43 -0.0317460317460317 0.222222222222222 1.46031746031746
92.46 0.0634920634920635 0.0952380952380952 0.634920634920635
92.5 0.0317460317460317 0.0634920634920635 0.761904761904762
92.53 -0.0476190476190476 0.222222222222222 1.49206349206349
92.56 0.0317460317460317 0.238095238095238 0.984126984126984
92.6 0.0634920634920635 0.0634920634920635 0.587301587301587
92.66 0 0.301587301587302 1.3968253968254
92.7 0.111111111111111 0.126984126984127 0.53968253968254
92.73 0.0476190476190476 0.0952380952380952 0.857142857142857
92.76 -0.0317460317460317 0.26984126984127 1.6031746031746
92.8 0.0634920634920635 0.142857142857143 0.936507936507937
92.83 0.0793650793650794 0.0476190476190476 0.555555555555556
92.86 -0.0158730158730159 0.174603174603175 1.3015873015873
92.93 0.0952380952380952 0.111111111111111 0.507936507936508
92.96 0.0634920634920635 0.19047619047619 0.841269841269841
93 0.0793650793650794 0.0476190476190476 0.587301587301587
93.03 -0.0158730158730159 0.206349206349206 1.3968253968254
93.06 0 0.206349206349206 1.23809523809524
93.13 0.0317460317460317 0.111111111111111 1
93.16 -0.0317460317460317 0.238095238095238 1.49206349206349
93.2 0.0793650793650794 0.174603174603175 0.746031746031746
93.23 0.0634920634920635 0.0634920634920635 0.714285714285714
93.26 -0.0317460317460317 0.26984126984127 1.44444444444444
93.3 0.0317460317460317 0.301587301587302 1.15873015873016
93.33 0.0952380952380952 0.0634920634920635 0.476190476190476
93.4 0.0476190476190476 0.111111111111111 1.03174603174603
93.46 0.0158730158730159 0.174603174603175 1.01587301587302
93.86 0.0317460317460317 0.158730158730159 1.01587301587302
93.93 0.0158730158730159 0.158730158730159 0.952380952380952
93.96 0.0317460317460317 0.158730158730159 1.03174603174603
94.36 0.0317460317460317 0.158730158730159 1.01587301587302
94.76 0.0317460317460317 0.174603174603175 1
95.16 0.0476190476190476 0.142857142857143 1.03174603174603
95.56 0.0317460317460317 0.174603174603175 1
95.96 0.0476190476190476 0.174603174603175 1.03174603174603
96.36 0.0634920634920635 0.126984126984127 1.01587301587302
96.46 0.0158730158730159 0.19047619047619 1.01587301587302
96.86 0.0317460317460317 0.142857142857143 0.984126984126984
97.26 0.0317460317460317 0.19047619047619 1.06349206349206
97.33 0.0476190476190476 0.142857142857143 1
97.73 0.0158730158730159 0.158730158730159 1.01587301587302
98.13 0.0317460317460317 0.19047619047619 1.01587301587302
98.16 0.0317460317460317 0.126984126984127 0.984126984126984
98.56 0.0476190476190476 0.111111111111111 0.968253968253968
98.6 0.0476190476190476 0.174603174603175 1.03174603174603
98.66 0.0317460317460317 0.158730158730159 0.968253968253968
98.93 0.0476190476190476 0.158730158730159 1
99.33 0.0158730158730159 0.174603174603175 1.01587301587302
99.73 0.0158730158730159 0.158730158730159 1.01587301587302
100.13 0.0158730158730159 0.142857142857143 0.984126984126984
100.16 0.0317460317460317 0.174603174603175 1.04761904761905
100.36 0.0476190476190476 0.158730158730159 0.984126984126984
100.76 0.0158730158730159 0.126984126984127 0.984126984126984
101.1 0.0317460317460317 0.158730158730159 1.04761904761905
101.23 0.0317460317460317 0.174603174603175 0.984126984126984
101.63 0.0158730158730159 0.158730158730159 0.984126984126984
102.03 0.0317460317460317 0.158730158730159 1.03174603174603
102.43 0.0317460317460317 0.142857142857143 1.01587301587302
102.83 0.0317460317460317 0.158730158730159 1
103.23 0.0317460317460317 0.158730158730159 1.01587301587302
103.63 0.0476190476190476 0.158730158730159 1.01587301587302
104.03 0.0317460317460317 0.158730158730159 0.984126984126984
104.43 0.0158730158730159 0.174603174603175 1.01587301587302
104.86 0.0476190476190476 0.111111111111111 1.01587301587302
105.1 0.0158730158730159 0.142857142857143 1.01587301587302
105.36 0.0476190476190476 0.0793650793650794 1
105.53 0.0158730158730159 0.142857142857143 1
105.66 0.0158730158730159 0.222222222222222 1.03174603174603
105.76 0.0317460317460317 0.111111111111111 1.01587301587302
105.93 0.0158730158730159 0.174603174603175 1
106.33 0.0317460317460317 0.158730158730159 1.01587301587302
106.73 0.0317460317460317 0.174603174603175 1.03174603174603
107.13 0.0317460317460317 0.142857142857143 1
107.33 0.0317460317460317 0.238095238095238 1.03174603174603
107.63 0.0476190476190476 0.111111111111111 0.968253968253968
107.83 0.0317460317460317 0.206349206349206 1.01587301587302
107.96 0.0317460317460317 0.142857142857143 0.984126984126984
108.36 0.0317460317460317 0.174603174603175 1.01587301587302
108.4 0.0476190476190476 0.111111111111111 1
108.7 0 0.174603174603175 1
109.1 0.0158730158730159 0.19047619047619 0.984126984126984
109.16 0.0476190476190476 0.19047619047619 1.04761904761905
109.46 0.0317460317460317 0.158730158730159 0.984126984126984
109.6 0.0158730158730159 0.222222222222222 1.04761904761905
109.8 0.0317460317460317 0.158730158730159 1.01587301587302
110 0.0158730158730159 0.222222222222222 1.03174603174603
110.2 0.0476190476190476 0.158730158730159 1
110.6 0.0317460317460317 0.174603174603175 1
111 0.0158730158730159 0.142857142857143 1.01587301587302
111.4 0.0317460317460317 0.174603174603175 1.03174603174603
112.2 0.0317460317460317 0.142857142857143 1
112.6 0.0476190476190476 0.158730158730159 1
113 0.0476190476190476 0.142857142857143 1.01587301587302
113.3 0 0.111111111111111 0.936507936507937
113.33 0.0476190476190476 0.158730158730159 1.03174603174603
113.4 0.0158730158730159 0.238095238095238 1.01587301587302
113.5 0.0158730158730159 0.158730158730159 1.01587301587302
113.6 0.0476190476190476 0.0952380952380952 1.01587301587302
113.66 0.0317460317460317 0.206349206349206 1
113.73 0.0158730158730159 0.126984126984127 1
113.76 0.0476190476190476 0.0634920634920635 1.01587301587302
113.86 0.0317460317460317 0.126984126984127 0.984126984126984
113.93 0.0317460317460317 0.222222222222222 1.03174603174603
114.1 0.0317460317460317 0.158730158730159 1
114.13 0.0317460317460317 0.222222222222222 1.01587301587302
114.16 0.0476190476190476 0.0952380952380952 1
114.2 0.0158730158730159 0.222222222222222 1
114.3 0.0317460317460317 0.142857142857143 1.01587301587302
114.53 0.0317460317460317 0.222222222222222 1.01587301587302
114.66 0.0317460317460317 0.158730158730159 1.03174603174603
114.73 0.0158730158730159 0.222222222222222 0.968253968253968
114.9 0.0476190476190476 0.158730158730159 1.03174603174603
114.96 0.0476190476190476 0.0793650793650794 1.04761904761905
115.03 0.0476190476190476 0.126984126984127 0.952380952380952
115.1 0.0158730158730159 0.174603174603175 1.01587301587302
115.36 0.0158730158730159 0.238095238095238 1.01587301587302
115.5 0.0317460317460317 0.158730158730159 1.03174603174603
115.56 0.0476190476190476 0.0952380952380952 1
115.7 0.0158730158730159 0.158730158730159 1
115.76 0.0158730158730159 0.222222222222222 1.01587301587302
115.86 0.0158730158730159 0.158730158730159 1
115.96 0.0158730158730159 0.222222222222222 0.984126984126984
116.03 0 0.206349206349206 1.04761904761905
116.13 0.0317460317460317 0.111111111111111 1.01587301587302
116.53 0.0317460317460317 0.158730158730159 1
116.6 0.0158730158730159 0.222222222222222 1
116.73 0.0317460317460317 0.142857142857143 1.03174603174603
116.8 0.0476190476190476 0.0793650793650794 1.01587301587302
116.83 0.0158730158730159 0.238095238095238 1.03174603174603
116.93 0.0317460317460317 0.142857142857143 0.984126984126984
117.03 0.0476190476190476 0.0793650793650794 1
117.13 0.0634920634920635 0.142857142857143 1.01587301587302
117.2 0.0158730158730159 0.222222222222222 1.01587301587302
117.36 0.0158730158730159 0.126984126984127 1
117.4 0.0158730158730159 0.222222222222222 1.01587301587302
117.56 0 0.158730158730159 1.01587301587302
117.63 0.0476190476190476 0.0952380952380952 1
117.76 0.0476190476190476 0.158730158730159 0.984126984126984
117.83 0.0158730158730159 0.238095238095238 1.01587301587302
117.93 0.0317460317460317 0.126984126984127 1
118 0.0476190476190476 0.19047619047619 1
118.06 0.0317460317460317 0.253968253968254 1
118.16 0.0317460317460317 0.19047619047619 1.03174603174603
118.23 0.0158730158730159 0.111111111111111 1.01587301587302
