15 20 10 194
15 20 16 225

6.399 0.253968253968254 -0.0158730158730159 1.03174603174603
6.799 0.26984126984127 -0.0317460317460317 1.03174603174603
7.199 0.253968253968254 -0.0476190476190476 1.03174603174603
7.599 0.238095238095238 -0.0317460317460317 1.03174603174603
7.999 0.253968253968254 -0.0317460317460317 1.04761904761905
8.399 0.26984126984127 -0.0317460317460317 1
8.799 0.253968253968254 -0.0476190476190476 1.03174603174603
9.199 0.253968253968254 -0.0634920634920635 1
9.599 0.253968253968254 -0.0476190476190476 1.03174603174603
9.999 0.253968253968254 -0.0634920634920635 1.03174603174603
10.199 0.253968253968254 0 1
10.599 0.253968253968254 -0.0476190476190476 1.01587301587302
10.999 0.253968253968254 -0.0476190476190476 1.03174603174603
11.399 0.26984126984127 -0.0476190476190476 1.01587301587302
11.799 0.253968253968254 -0.0476190476190476 1.01587301587302
12.199 0.253968253968254 -0.0476190476190476 1.01587301587302
12.599 0.253968253968254 -0.0476190476190476 1.01587301587302
12.999 0.253968253968254 -0.0634920634920635 1.03174603174603
13.399 0.253968253968254 -0.0476190476190476 1.01587301587302
13.799 0.238095238095238 -0.0476190476190476 1.01587301587302
14.199 0.253968253968254 -0.0317460317460317 1
14.599 0.253968253968254 -0.0634920634920635 1.03174603174603
14.799 0.253968253968254 0.0158730158730159 1.01587301587302
14.966 0.238095238095238 -0.0793650793650794 1.01587301587302
15.132 0.253968253968254 0.0158730158730159 1.04761904761905
15.366 0.253968253968254 -0.111111111111111 1
15.466 0.253968253968254 -0.0158730158730159 1.04761904761905
15.499 0.253968253968254 0.0476190476190476 1.03174603174603
15.566 0.253968253968254 -0.0476190476190476 1
15.599 0.253968253968254 -0.111111111111111 1.01587301587302
15.799 0.253968253968254 -0.0317460317460317 1.04761904761905
15.832 0.253968253968254 0.0317460317460317 1.04761904761905
15.932 0.26984126984127 -0.0634920634920635 1.01587301587302
15.966 0.26984126984127 -0.126984126984127 1.01587301587302
16.066 0.253968253968254 -0.0476190476190476 1.01587301587302
16.099 0.253968253968254 0.0317460317460317 1.01587301587302
16.299 0.253968253968254 -0.0634920634920635 1.03174603174603
16.332 0.26984126984127 -0.126984126984127 1
16.399 0.26984126984127 -0.0634920634920635 1.03174603174603
16.432 0.238095238095238 0.0476190476190476 1.01587301587302
16.532 0.26984126984127 -0.0317460317460317 1.03174603174603
16.566 0.253968253968254 -0.0952380952380952 1.01587301587302
16.732 0.26984126984127 -0.158730158730159 1
16.799 0.253968253968254 -0.0476190476190476 1.04761904761905
16.832 0.26984126984127 0.0158730158730159 1.04761904761905
16.965 0.26984126984127 -0.111111111111111 1.01587301587302
17.065 0.26984126984127 -0.0158730158730159 1.03174603174603
17.099 0.238095238095238 0.0476190476190476 1.06349206349206
17.132 0.26984126984127 -0.0952380952380952 0.984126984126984
17.199 0.26984126984127 0.0317460317460317 1.03174603174603
17.299 0.26984126984127 -0.0793650793650794 1.01587301587302
17.332 0.253968253968254 -0.158730158730159 1.01587301587302
17.399 0.26984126984127 -0.0952380952380952 1.03174603174603
17.432 0.26984126984127 -0.0158730158730159 1.03174603174603
17.499 0.253968253968254 0.0634920634920635 1.04761904761905
17.532 0.253968253968254 0 1.03174603174603
17.565 0.26984126984127 -0.0634920634920635 1.01587301587302
17.599 0.253968253968254 -0.142857142857143 1.01587301587302
17.632 0.253968253968254 0.0476190476190476 1.06349206349206
17.699 0.285714285714286 -0.0952380952380952 1
17.765 0.301587301587302 -0.158730158730159 1.01587301587302
17.799 0.26984126984127 -0.0634920634920635 1.03174603174603
17.832 0.253968253968254 0.0158730158730159 1
17.932 0.26984126984127 -0.0952380952380952 1.04761904761905
17.999 0.26984126984127 -0.158730158730159 1.03174603174603
18.032 0.26984126984127 -0.0634920634920635 1
18.065 0.26984126984127 0.0317460317460317 1.03174603174603
18.132 0.26984126984127 -0.142857142857143 1.01587301587302
18.165 0.26984126984127 -0.0793650793650794 1.03174603174603
18.199 0.26984126984127 0 1
18.332 0.26984126984127 -0.0952380952380952 1
18.399 0.253968253968254 -0.158730158730159 1.01587301587302
18.432 0.253968253968254 -0.0952380952380952 1.03174603174603
18.465 0.253968253968254 0.0158730158730159 1.01587301587302
18.565 0.26984126984127 -0.0634920634920635 0.984126984126984
18.599 0.253968253968254 0.0476190476190476 1.04761904761905
18.665 0.26984126984127 -0.0317460317460317 1.03174603174603
18.699 0.26984126984127 -0.111111111111111 1.01587301587302
18.799 0.26984126984127 -0.0476190476190476 1.01587301587302
18.832 0.26984126984127 0.0476190476190476 1.03174603174603
18.932 0.26984126984127 -0.0317460317460317 1.03174603174603
18.965 0.253968253968254 -0.126984126984127 1.01587301587302
19.099 0.253968253968254 0 1.03174603174603
19.132 0.285714285714286 -0.158730158730159 1.01587301587302
19.199 0.253968253968254 -0.0317460317460317 1.03174603174603
19.232 0.26984126984127 0.0317460317460317 1.03174603174603
19.332 0.285714285714286 -0.0952380952380952 1
19.399 0.26984126984127 -0.158730158730159 1.01587301587302
19.432 0.26984126984127 -0.0634920634920635 1
19.465 0.253968253968254 0 1.01587301587302
19.599 0.26984126984127 -0.126984126984127 1.01587301587302
19.632 0.253968253968254 0.0793650793650794 1.03174603174603
19.699 0.26984126984127 -0.0158730158730159 1.01587301587302
19.732 0.26984126984127 -0.126984126984127 1.01587301587302
19.832 0.26984126984127 -0.0634920634920635 1
20.232 0.26984126984127 -0.0634920634920635 1.01587301587302
20.632 0.253968253968254 -0.0476190476190476 1.03174603174603
21.032 0.26984126984127 -0.0476190476190476 1.03174603174603
21.432 0.253968253968254 -0.0634920634920635 1.01587301587302
21.832 0.285714285714286 -0.0634920634920635 1.01587301587302
22.232 0.26984126984127 -0.0476190476190476 1.01587301587302
22.632 0.26984126984127 -0.0634920634920635 0.984126984126984
23.032 0.253968253968254 -0.0317460317460317 0.984126984126984
23.099 0.253968253968254 -0.0476190476190476 1.04761904761905
23.132 0.253968253968254 -0.0317460317460317 0.984126984126984
23.165 0.206349206349206 0.0952380952380952 0.984126984126984
23.199 0.19047619047619 0.0476190476190476 1.36507936507937
23.232 0.253968253968254 -0.0476190476190476 1.3015873015873
23.332 0.253968253968254 -0.0317460317460317 1.36507936507937
23.465 0.285714285714286 0.0317460317460317 1.3015873015873
23.499 0.301587301587302 0.0476190476190476 1.23809523809524
23.532 0.333333333333333 0.0317460317460317 1.11111111111111
23.565 0.333333333333333 0.0952380952380952 1
23.599 0.349206349206349 0.111111111111111 0.920634920634921
23.632 0.380952380952381 0.0793650793650794 0.761904761904762
23.665 0.396825396825397 -0.206349206349206 1.25396825396825
23.699 0.301587301587302 -0.26984126984127 1.28571428571429
23.732 0.301587301587302 -0.253968253968254 1.41269841269841
23.765 0.26984126984127 -0.238095238095238 1.49206349206349
23.832 0.222222222222222 -0.142857142857143 1.53968253968254
23.932 0.206349206349206 -0.126984126984127 1.44444444444444
23.999 0.253968253968254 -0.0952380952380952 1.38095238095238
24.065 0.285714285714286 -0.0158730158730159 1.28571428571429
24.099 0.317460317460317 0.0476190476190476 1.17460317460317
24.132 0.349206349206349 0.0634920634920635 1.03174603174603
24.165 0.412698412698413 0.0634920634920635 0.80952380952381
24.199 0.317460317460317 -0.174603174603175 1.26984126984127
24.232 0.285714285714286 -0.206349206349206 1.34920634920635
24.265 0.26984126984127 -0.158730158730159 1.44444444444444
24.299 0.253968253968254 -0.238095238095238 1.49206349206349
24.332 0.238095238095238 -0.206349206349206 1.57142857142857
24.399 0.26984126984127 -0.0793650793650794 1.58730158730159
24.432 0.26984126984127 0.0158730158730159 1.46031746031746
24.465 0.285714285714286 0.0793650793650794 1.23809523809524
24.499 0.333333333333333 0.0793650793650794 1.07936507936508
24.532 0.349206349206349 0.0952380952380952 0.825396825396825
24.565 0.412698412698413 0.0793650793650794 0.698412698412698
24.599 0.428571428571429 0.0476190476190476 0.619047619047619
24.699 0.476190476190476 -0.0158730158730159 0.603174603174603
24.732 0.238095238095238 -0.0634920634920635 1.63492063492063
24.765 0.222222222222222 0.0158730158730159 1.52380952380952
24.799 0.253968253968254 0.0317460317460317 1.3015873015873
24.832 0.301587301587302 0.0634920634920635 1.0952380952381
24.865 0.349206349206349 0.0634920634920635 0.936507936507937
24.899 0.365079365079365 0.0476190476190476 0.857142857142857
24.965 0.428571428571429 0.0476190476190476 0.714285714285714
24.999 0.476190476190476 0.0158730158730159 0.619047619047619
25.032 0.507936507936508 -0.0158730158730159 0.523809523809524
25.065 0.523809523809524 -0.0634920634920635 0.412698412698413
25.132 0.492063492063492 -0.142857142857143 0.571428571428571
25.165 0.444444444444444 -0.174603174603175 0.777777777777778
25.198 0.412698412698413 -0.174603174603175 0.984126984126984
25.232 0.396825396825397 0.0634920634920635 0.873015873015873
25.265 0.428571428571429 0.0476190476190476 0.714285714285714
25.298 0.476190476190476 0.0317460317460317 0.571428571428571
25.332 0.523809523809524 -0.0317460317460317 0.428571428571429
25.398 0.507936507936508 -0.126984126984127 0.492063492063492
25.432 0.492063492063492 -0.174603174603175 0.650793650793651
25.465 0.412698412698413 -0.174603174603175 0.888888888888889
25.498 0.380952380952381 -0.158730158730159 1.11111111111111
25.532 0.349206349206349 -0.19047619047619 1.25396825396825
25.565 0.285714285714286 -0.206349206349206 1.42857142857143
25.598 0.253968253968254 -0.238095238095238 1.52380952380952
25.632 0.253968253968254 -0.174603174603175 1.55555555555556
25.665 0.26984126984127 -0.0634920634920635 1.50793650793651
25.698 0.285714285714286 -0.0158730158730159 1.36507936507937
25.732 0.444444444444444 -0.174603174603175 0.841269841269841
25.765 0.380952380952381 -0.19047619047619 1.11111111111111
25.798 0.317460317460317 -0.19047619047619 1.3015873015873
25.832 0.301587301587302 -0.19047619047619 1.46031746031746
25.932 0.26984126984127 -0.0634920634920635 1.44444444444444
25.965 0.301587301587302 0 1.3015873015873
25.998 0.349206349206349 0.0793650793650794 1.04761904761905
26.032 0.412698412698413 0.0793650793650794 0.761904761904762
26.065 0.46031746031746 0.0793650793650794 0.476190476190476
26.098 0.507936507936508 0.0634920634920635 0.349206349206349
26.132 0.53968253968254 0 0.317460317460317
26.165 0.507936507936508 -0.0476190476190476 0.412698412698413
26.198 0.476190476190476 -0.126984126984127 0.650793650793651
26.232 0.317460317460317 0.0476190476190476 1.19047619047619
26.265 0.380952380952381 0.0793650793650794 0.920634920634921
26.298 0.444444444444444 0.0952380952380952 0.571428571428571
26.332 0.492063492063492 0.0317460317460317 0.365079365079365
26.365 0.523809523809524 0.0158730158730159 0.301587301587302
26.398 0.523809523809524 -0.0158730158730159 0.365079365079365
26.432 0.492063492063492 -0.111111111111111 0.523809523809524
26.465 0.46031746031746 -0.174603174603175 0.825396825396825
26.498 0.396825396825397 -0.222222222222222 1.04761904761905
26.532 0.349206349206349 -0.253968253968254 1.28571428571429
26.565 0.285714285714286 -0.26984126984127 1.47619047619048
26.598 0.26984126984127 -0.222222222222222 1.55555555555556
26.632 0.238095238095238 -0.126984126984127 1.6031746031746
26.665 0.253968253968254 -0.0317460317460317 1.52380952380952
26.698 0.301587301587302 0.0634920634920635 1.25396825396825
26.732 0.380952380952381 -0.206349206349206 1.07936507936508
26.765 0.349206349206349 -0.19047619047619 1.3015873015873
26.798 0.285714285714286 -0.222222222222222 1.47619047619048
26.832 0.26984126984127 -0.206349206349206 1.57142857142857
26.898 0.285714285714286 -0.0317460317460317 1.46031746031746
26.932 0.317460317460317 0.0634920634920635 1.14285714285714
26.965 0.396825396825397 0.111111111111111 0.857142857142857
26.998 0.46031746031746 0.0793650793650794 0.53968253968254
27.032 0.507936507936508 0.0476190476190476 0.365079365079365
27.098 0.507936507936508 -0.0317460317460317 0.428571428571429
27.132 0.46031746031746 -0.142857142857143 0.714285714285714
27.165 0.412698412698413 -0.206349206349206 1
27.198 0.428571428571429 0.111111111111111 0.777777777777778
27.232 0.476190476190476 0.0634920634920635 0.507936507936508
27.265 0.523809523809524 0.0317460317460317 0.333333333333333
27.298 0.53968253968254 -0.0317460317460317 0.301587301587302
27.332 0.507936507936508 -0.126984126984127 0.492063492063492
27.365 0.444444444444444 -0.158730158730159 0.825396825396825
27.398 0.380952380952381 -0.222222222222222 1.12698412698413
27.432 0.317460317460317 -0.222222222222222 1.41269841269841
27.465 0.285714285714286 -0.26984126984127 1.49206349206349
27.498 0.253968253968254 -0.19047619047619 1.53968253968254
27.532 0.253968253968254 -0.111111111111111 1.53968253968254
27.565 0.301587301587302 0 1.36507936507937
27.598 0.333333333333333 0.0952380952380952 1.04761904761905
27.632 0.412698412698413 0.0952380952380952 0.746031746031746
27.665 0.46031746031746 0.0952380952380952 0.492063492063492
27.698 0.492063492063492 -0.174603174603175 1.47619047619048
27.732 0.26984126984127 -0.142857142857143 1.47619047619048
27.765 0.26984126984127 -0.0476190476190476 1.38095238095238
27.798 0.333333333333333 0.0634920634920635 1.11111111111111
27.832 0.380952380952381 0.0634920634920635 0.873015873015873
27.865 0.428571428571429 0.0634920634920635 0.603174603174603
27.898 0.507936507936508 0.0317460317460317 0.365079365079365
27.965 0.53968253968254 -0.0317460317460317 0.349206349206349
27.998 0.492063492063492 -0.142857142857143 0.587301587301587
28.032 0.428571428571429 -0.174603174603175 0.920634920634921
28.065 0.349206349206349 -0.206349206349206 1.19047619047619
28.098 0.317460317460317 -0.222222222222222 1.44444444444444
28.132 0.253968253968254 -0.238095238095238 1.52380952380952
28.165 0.26984126984127 -0.158730158730159 1.57142857142857
28.198 0.285714285714286 -0.0317460317460317 0.571428571428571
28.232 0.444444444444444 -0.174603174603175 0.857142857142857
28.265 0.380952380952381 -0.19047619047619 1.15873015873016
28.298 0.349206349206349 -0.0158730158730159 1.03174603174603
28.365 0.380952380952381 -0.0793650793650794 1
28.765 0.380952380952381 -0.0793650793650794 1.01587301587302
29.165 0.380952380952381 -0.0793650793650794 0.984126984126984
29.565 0.380952380952381 -0.0952380952380952 0.968253968253968
29.698 0.380952380952381 -0.0793650793650794 1.03174603174603
29.732 0.380952380952381 -0.0793650793650794 0.968253968253968
30.132 0.380952380952381 -0.0793650793650794 1
30.532 0.365079365079365 -0.0793650793650794 1.01587301587302
30.932 0.380952380952381 -0.0952380952380952 0.984126984126984
31.332 0.380952380952381 -0.0952380952380952 0.968253968253968
31.632 0.507936507936508 -0.126984126984127 1.06349206349206
31.665 0.603174603174603 0.333333333333333 0.333333333333333
31.698 0.349206349206349 -0.380952380952381 0.698412698412698
31.732 0.80952380952381 0.0317460317460317 0.111111111111111
31.765 0.222222222222222 0.380952380952381 1.06349206349206
31.798 0.952380952380952 -0.206349206349206 0.523809523809524
31.832 0.333333333333333 0.0793650793650794 1.6984126984127
31.865 0.428571428571429 -0.666666666666667 1.23809523809524
31.898 0.777777777777778 0.206349206349206 0.349206349206349
31.932 -0.0317460317460317 -0.174603174603175 2.01587301587302
31.965 0.634920634920635 -0.285714285714286 0.333333333333333
31.998 0.380952380952381 0.412698412698413 0.793650793650794
32.032 0.0793650793650794 -0.476190476190476 1.12698412698413
32.065 0.80952380952381 0.0634920634920635 0.222222222222222
32.098 0.0158730158730159 -0.0793650793650794 1.63492063492063
32.132 0.746031746031746 -0.476190476190476 0.698412698412698
32.165 0.523809523809524 0.222222222222222 1
32.198 0.317460317460317 -0.73015873015873 1.73015873015873
32.232 0.904761904761905 -0.0317460317460317 0.46031746031746
32.265 0.111111111111111 -0.142857142857143 2.01587301587302
32.332 0.0476190476190476 -0.444444444444444 1.25396825396825
32.365 0.841269841269841 0.0476190476190476 0.206349206349206
32.398 0.0793650793650794 -0.111111111111111 1.73015873015873
32.432 0.777777777777778 -0.507936507936508 0.714285714285714
32.465 0.53968253968254 0.238095238095238 1.17460317460317
32.498 0.365079365079365 -0.73015873015873 1.58730158730159
32.532 0.841269841269841 0.158730158730159 0.380952380952381
32.565 0.0317460317460317 -0.26984126984127 2.01587301587302
32.598 0.746031746031746 -0.158730158730159 0.19047619047619
32.632 0.26984126984127 0.365079365079365 1.23809523809524
32.698 0.571428571428571 0.365079365079365 0.444444444444444
32.732 0.0634920634920635 -0.492063492063492 1.36507936507937
32.765 0.857142857142857 -0.0158730158730159 0.285714285714286
32.798 0.111111111111111 -0.571428571428571 0.936507936507937
32.832 0.603174603174603 0.349206349206349 0.761904761904762
32.865 0.0952380952380952 -0.507936507936508 1.49206349206349
32.898 0.761904761904762 0.142857142857143 0.174603174603175
32.932 -0.0634920634920635 -0.0158730158730159 1.66666666666667
32.965 0.698412698412698 -0.285714285714286 0.26984126984127
32.998 0.206349206349206 0.333333333333333 1.07936507936508
33.032 0.476190476190476 -0.603174603174603 0.841269841269841
33.065 0.619047619047619 0.317460317460317 0.603174603174603
33.098 0.26984126984127 -0.698412698412698 1.79365079365079
33.132 0.904761904761905 0.0158730158730159 0.476190476190476
33.165 0.0952380952380952 -0.285714285714286 2.01587301587302
33.198 0.793650793650794 -0.301587301587302 0.46031746031746
33.232 0.349206349206349 0.317460317460317 1.34920634920635
33.265 0.301587301587302 -0.492063492063492 0.746031746031746
33.298 0.603174603174603 0.380952380952381 1.58730158730159
33.332 0.873015873015873 -0.19047619047619 0.412698412698413
33.365 0.19047619047619 -0.0952380952380952 1.92063492063492
33.398 0.777777777777778 -0.53968253968254 0.793650793650794
33.431 0.523809523809524 0.222222222222222 1.19047619047619
33.465 0.396825396825397 -0.634920634920635 1.31746031746032
33.498 0.714285714285714 0.317460317460317 0.380952380952381
33.531 -0.0158730158730159 -0.396825396825397 1.6984126984127
33.565 0.777777777777778 0 0.142857142857143
33.598 -0.0158730158730159 0.0793650793650794 1.57142857142857
33.631 0.682539682539683 -0.349206349206349 0.26984126984127
33.665 0.238095238095238 0.285714285714286 1.07936507936508
33.698 0.523809523809524 -0.603174603174603 0.920634920634921
33.731 0.634920634920635 0.238095238095238 0.682539682539683
33.765 0.285714285714286 -0.714285714285714 1.85714285714286
33.798 0.111111111111111 0.111111111111111 1.80952380952381
33.831 0.603174603174603 -0.365079365079365 0.285714285714286
33.865 0.301587301587302 0.412698412698413 0.952380952380952
33.898 0.333333333333333 -0.523809523809524 0.698412698412698
33.931 0.555555555555556 0.380952380952381 0.507936507936508
33.965 0.206349206349206 -0.587301587301587 1.36507936507937
33.998 0.841269841269841 0.0634920634920635 0.349206349206349
34.031 0.142857142857143 -0.476190476190476 2.01587301587302
34.065 0.888888888888889 -0.285714285714286 0.53968253968254
34.098 0.238095238095238 0 1.93650793650794
34.131 0.650793650793651 -0.492063492063492 0.634920634920635
34.165 0.428571428571429 0.396825396825397 1.07936507936508
34.198 0.206349206349206 -0.507936507936508 0.936507936507937
34.231 0.634920634920635 0.333333333333333 0.349206349206349
34.265 0 -0.380952380952381 1.33333333333333
34.298 0.825396825396825 0.0793650793650794 0.142857142857143
34.331 0.793650793650794 -0.476190476190476 0.746031746031746
34.365 0.492063492063492 0.238095238095238 1.33333333333333
34.398 0.476190476190476 -0.603174603174603 1.03174603174603
34.431 0.619047619047619 0.365079365079365 0.634920634920635
34.465 0.0634920634920635 -0.492063492063492 1.3968253968254
34.498 0.746031746031746 0.222222222222222 0.158730158730159
34.531 -0.0476190476190476 -0.238095238095238 1.6031746031746
34.565 0.793650793650794 -0.0793650793650794 0.174603174603175
34.598 -0.0158730158730159 -0.0634920634920635 1.57142857142857
34.631 0.825396825396825 -0.365079365079365 0.492063492063492
34.665 0.26984126984127 0.126984126984127 1.49206349206349
34.698 0.698412698412698 -0.619047619047619 0.920634920634921
34.731 0.634920634920635 0.253968253968254 1.04761904761905
34.765 0.333333333333333 -0.650793650793651 1.47619047619048
34.798 0.761904761904762 0.285714285714286 0.396825396825397
34.831 0.761904761904762 -0.206349206349206 0.174603174603175
34.865 0.0476190476190476 0.111111111111111 1.42857142857143
34.898 0.73015873015873 -0.476190476190476 0.507936507936508
34.931 0.333333333333333 0.206349206349206 1.22222222222222
34.965 0.619047619047619 -0.698412698412698 1.0952380952381
34.998 0.714285714285714 0.253968253968254 0.841269841269841
35.031 0.285714285714286 -0.682539682539683 1.68253968253968
35.065 0.825396825396825 0.174603174603175 0.317460317460317
35.098 -0.0158730158730159 -0.380952380952381 1.92063492063492
35.131 0.793650793650794 0 0.142857142857143
35.165 -0.0158730158730159 0.0634920634920635 1.68253968253968
35.198 0.714285714285714 -0.253968253968254 0.206349206349206
35.231 0.111111111111111 0.26984126984127 1.28571428571429
35.265 0.634920634920635 -0.523809523809524 0.523809523809524
35.298 0.380952380952381 0.222222222222222 1.01587301587302
35.331 0.53968253968254 0.126984126984127 0.317460317460317
35.365 -0.0158730158730159 -0.349206349206349 1.98412698412698
35.398 0.777777777777778 -0.0317460317460317 0.174603174603175
35.431 0 0.0793650793650794 1.6984126984127
35.465 0.698412698412698 -0.222222222222222 0.222222222222222
35.498 0.126984126984127 0.253968253968254 1.28571428571429
35.531 0.650793650793651 -0.476190476190476 0.507936507936508
35.565 0.365079365079365 0.222222222222222 1.03174603174603
35.598 0.571428571428571 -0.682539682539683 1.14285714285714
35.631 0.682539682539683 0.206349206349206 0.841269841269841
35.665 0.333333333333333 -0.698412698412698 1.73015873015873
35.698 0.841269841269841 0.158730158730159 0.365079365079365
35.731 0.0476190476190476 -0.428571428571429 1.88888888888889
35.765 0.80952380952381 0.0476190476190476 0.158730158730159
35.798 -0.0634920634920635 -0.0476190476190476 1.79365079365079
35.831 0.714285714285714 -0.174603174603175 1.14285714285714
35.865 0.634920634920635 -0.634920634920635 0.984126984126984
35.898 0.587301587301587 0.222222222222222 1
35.931 0.428571428571429 -0.73015873015873 1.57142857142857
35.965 0.793650793650794 0.206349206349206 0.507936507936508
35.998 0.111111111111111 -0.53968253968254 1.79365079365079
36.031 0.793650793650794 0.158730158730159 0.19047619047619
36.065 -0.0793650793650794 -0.222222222222222 1.79365079365079
36.098 0.761904761904762 -0.0476190476190476 0.126984126984127
36.131 0 0.0634920634920635 1.53968253968254
36.165 0.746031746031746 -0.301587301587302 0.26984126984127
36.198 0.142857142857143 0.126984126984127 1.38095238095238
36.231 0.746031746031746 -0.53968253968254 0.698412698412698
36.265 0.444444444444444 0.206349206349206 1.26984126984127
36.298 0.587301587301587 -0.714285714285714 1.23809523809524
36.331 0.714285714285714 0.301587301587302 0.793650793650794
36.365 0.777777777777778 0.0634920634920635 0.111111111111111
36.398 -0.0476190476190476 -0.0952380952380952 1.61904761904762
36.431 0.793650793650794 -0.174603174603175 0.206349206349206
36.465 0.0317460317460317 0.0158730158730159 1.57142857142857
36.498 0.825396825396825 -0.428571428571429 0.523809523809524
36.531 0.285714285714286 0.0952380952380952 1.63492063492063
36.565 0.746031746031746 -0.603174603174603 0.904761904761905
36.598 0.53968253968254 0.253968253968254 1.23809523809524
36.631 0.444444444444444 -0.619047619047619 1.07936507936508
36.665 0.603174603174603 0.396825396825397 0.73015873015873
36.698 0.111111111111111 -0.53968253968254 1.22222222222222
36.731 0.682539682539683 0.333333333333333 0.285714285714286
36.765 0 -0.396825396825397 1.33333333333333
36.798 0.761904761904762 0.158730158730159 0.206349206349206
36.831 0.682539682539683 0.142857142857143 0.53968253968254
36.865 0.365079365079365 -0.0476190476190476 0.920634920634921
36.898 0.412698412698413 -0.222222222222222 0.984126984126984
36.931 0.46031746031746 -0.0634920634920635 1.03174603174603
36.965 0.412698412698413 -0.111111111111111 0.936507936507937
37.065 0.428571428571429 -0.111111111111111 1
37.465 0.428571428571429 -0.126984126984127 0.968253968253968
37.865 0.428571428571429 -0.126984126984127 0.968253968253968
38.265 0.444444444444444 -0.126984126984127 0.952380952380952
38.665 0.428571428571429 -0.111111111111111 0.952380952380952
39.065 0.428571428571429 -0.126984126984127 0.968253968253968
39.465 0.428571428571429 -0.126984126984127 0.968253968253968
39.865 0.428571428571429 -0.126984126984127 0.984126984126984
40.098 0.396825396825397 0.0158730158730159 1.04761904761905
40.131 0.238095238095238 0.53968253968254 1.93650793650794
40.165 0.555555555555556 -0.682539682539683 0.476190476190476
40.198 0.507936507936508 -0.0317460317460317 1.19047619047619
40.231 0.349206349206349 -0.0158730158730159 1.0952380952381
40.265 0.380952380952381 -0.0317460317460317 0.873015873015873
40.298 0.396825396825397 -0.126984126984127 0.73015873015873
40.331 0.507936507936508 -0.507936507936508 0.777777777777778
40.365 0.380952380952381 -0.142857142857143 1.06349206349206
40.398 0.380952380952381 -0.0793650793650794 0.761904761904762
40.431 0.412698412698413 -0.0158730158730159 0.936507936507937
40.498 0.444444444444444 -0.158730158730159 0.761904761904762
40.531 0.396825396825397 -0.0793650793650794 1.14285714285714
40.565 0.444444444444444 -0.142857142857143 0.984126984126984
40.598 0.444444444444444 -0.0476190476190476 1.04761904761905
40.631 0.428571428571429 -0.0793650793650794 0.984126984126984
40.665 0.46031746031746 -0.19047619047619 0.904761904761905
40.698 0.428571428571429 -0.206349206349206 0.793650793650794
40.731 0.428571428571429 -0.142857142857143 0.936507936507937
40.798 0.365079365079365 -0.111111111111111 0.936507936507937
40.831 0.380952380952381 -0.158730158730159 0.841269841269841
40.865 0.396825396825397 -0.222222222222222 0.857142857142857
40.898 0.412698412698413 -0.206349206349206 0.952380952380952
40.931 0.396825396825397 -0.206349206349206 1.01587301587302
41.031 0.412698412698413 -0.0793650793650794 1.12698412698413
41.065 0.46031746031746 -0.158730158730159 0.888888888888889
41.165 0.412698412698413 -0.222222222222222 0.952380952380952
41.298 0.428571428571429 -0.0158730158730159 1.11111111111111
41.331 0.444444444444444 -0.0158730158730159 0.984126984126984
41.365 0.46031746031746 -0.0158730158730159 1.06349206349206
41.398 0.428571428571429 -0.0793650793650794 0.936507936507937
41.431 0.444444444444444 -0.174603174603175 0.825396825396825
41.465 0.396825396825397 -0.142857142857143 0.920634920634921
41.498 0.412698412698413 -0.222222222222222 0.904761904761905
41.531 0.396825396825397 -0.222222222222222 1
41.565 0.444444444444444 0 1.07936507936508
41.598 0.46031746031746 -0.0476190476190476 1
41.631 0.428571428571429 -0.0317460317460317 0.920634920634921
41.665 0.428571428571429 -0.222222222222222 0.793650793650794
41.698 0.412698412698413 -0.158730158730159 0.888888888888889
41.798 0.380952380952381 -0.222222222222222 1.01587301587302
41.864 0.412698412698413 -0.158730158730159 1.04761904761905
41.898 0.428571428571429 -0.0476190476190476 1.15873015873016
41.931 0.444444444444444 -0.0158730158730159 1.0952380952381
41.964 0.46031746031746 -0.0317460317460317 1.03174603174603
41.998 0.444444444444444 -0.0158730158730159 0.968253968253968
42.031 0.444444444444444 -0.158730158730159 0.841269841269841
42.064 0.412698412698413 -0.158730158730159 0.984126984126984
42.164 0.428571428571429 -0.0793650793650794 1.0952380952381
42.198 0.46031746031746 0.0158730158730159 1.07936507936508
42.231 0.46031746031746 -0.0476190476190476 1.01587301587302
42.298 0.444444444444444 -0.158730158730159 0.80952380952381
42.331 0.412698412698413 -0.174603174603175 0.888888888888889
42.431 0.380952380952381 -0.19047619047619 1.01587301587302
42.531 0.444444444444444 -0.0158730158730159 1.0952380952381
42.564 0.46031746031746 -0.0476190476190476 1.01587301587302
42.598 0.396825396825397 -0.126984126984127 0.952380952380952
42.631 0.396825396825397 -0.174603174603175 0.888888888888889
42.664 0.396825396825397 -0.206349206349206 0.968253968253968
42.698 0.412698412698413 -0.174603174603175 1.04761904761905
42.764 0.428571428571429 -0.111111111111111 1.0952380952381
42.798 0.46031746031746 -0.0317460317460317 1.07936507936508
42.831 0.444444444444444 -0.0634920634920635 1.01587301587302
42.898 0.444444444444444 -0.174603174603175 0.80952380952381
42.931 0.412698412698413 -0.174603174603175 0.888888888888889
42.964 0.396825396825397 -0.111111111111111 0.920634920634921
42.998 0.396825396825397 -0.19047619047619 0.888888888888889
43.031 0.380952380952381 -0.19047619047619 1.01587301587302
43.131 0.428571428571429 -0.0317460317460317 0.936507936507937
43.164 0.444444444444444 -0.19047619047619 0.825396825396825
43.231 0.396825396825397 -0.126984126984127 0.920634920634921
43.264 0.396825396825397 -0.206349206349206 0.888888888888889
43.298 0.365079365079365 -0.206349206349206 1.01587301587302
43.331 0.412698412698413 -0.142857142857143 1.01587301587302
43.398 0.444444444444444 -0.0634920634920635 1.06349206349206
43.498 0.444444444444444 -0.0634920634920635 0.968253968253968
43.531 0.46031746031746 -0.206349206349206 0.857142857142857
43.598 0.396825396825397 -0.126984126984127 0.936507936507937
43.631 0.428571428571429 -0.142857142857143 1.03174603174603
43.664 0.444444444444444 -0.0793650793650794 1.07936507936508
43.698 0.444444444444444 -0.0158730158730159 1.0952380952381
43.731 0.46031746031746 -0.0634920634920635 1.01587301587302
43.798 0.444444444444444 -0.19047619047619 0.841269841269841
43.864 0.380952380952381 -0.126984126984127 0.968253968253968
43.898 0.396825396825397 -0.206349206349206 0.873015873015873
43.931 0.380952380952381 -0.206349206349206 1.06349206349206
43.964 0.380952380952381 -0.142857142857143 1.01587301587302
44.031 0.444444444444444 -0.0634920634920635 1.0952380952381
44.098 0.46031746031746 -0.0317460317460317 1.03174603174603
44.131 0.396825396825397 -0.142857142857143 0.936507936507937
44.164 0.396825396825397 -0.206349206349206 0.888888888888889
44.198 0.365079365079365 -0.158730158730159 1.04761904761905
44.264 0.428571428571429 -0.126984126984127 1.03174603174603
44.298 0.428571428571429 -0.0317460317460317 1.0952380952381
44.364 0.46031746031746 -0.0634920634920635 0.968253968253968
44.398 0.46031746031746 -0.111111111111111 0.904761904761905
44.431 0.444444444444444 -0.238095238095238 0.80952380952381
44.464 0.412698412698413 -0.174603174603175 0.952380952380952
44.564 0.365079365079365 -0.126984126984127 1.04761904761905
44.598 0.412698412698413 -0.142857142857143 0.984126984126984
44.664 0.444444444444444 -0.206349206349206 0.873015873015873
44.731 0.396825396825397 -0.126984126984127 0.968253968253968
44.764 0.396825396825397 -0.206349206349206 0.873015873015873
44.798 0.380952380952381 -0.142857142857143 1.0952380952381
44.831 0.396825396825397 -0.0952380952380952 1
44.898 0.444444444444444 0.0317460317460317 1.06349206349206
44.931 0.444444444444444 -0.0317460317460317 0.984126984126984
44.998 0.46031746031746 -0.206349206349206 0.904761904761905
45.064 0.412698412698413 -0.142857142857143 0.968253968253968
45.098 0.412698412698413 -0.19047619047619 0.904761904761905
45.131 0.380952380952381 -0.126984126984127 1.06349206349206
45.164 0.46031746031746 -0.0317460317460317 0.984126984126984
45.231 0.444444444444444 -0.19047619047619 0.904761904761905
45.331 0.412698412698413 -0.142857142857143 1
45.364 0.396825396825397 0 1.0952380952381
45.398 0.26984126984127 0.0158730158730159 1.38095238095238
45.431 0.476190476190476 -0.142857142857143 0.857142857142857
45.464 0.380952380952381 -0.174603174603175 0.920634920634921
45.498 0.46031746031746 -0.126984126984127 1
45.864 0.428571428571429 -0.142857142857143 0.936507936507937
46.264 0.428571428571429 -0.142857142857143 0.984126984126984
46.664 0.428571428571429 -0.126984126984127 0.968253968253968
47.064 0.412698412698413 -0.126984126984127 0.984126984126984
47.464 0.444444444444444 -0.142857142857143 0.936507936507937
47.864 0.428571428571429 -0.126984126984127 0.984126984126984
48.264 0.428571428571429 -0.126984126984127 0.968253968253968
48.664 0.444444444444444 -0.0793650793650794 1
48.698 0.428571428571429 -0.0793650793650794 0.920634920634921
48.731 0.428571428571429 -0.158730158730159 0.80952380952381
48.764 0.412698412698413 -0.19047619047619 0.936507936507937
48.798 0.444444444444444 -0.19047619047619 0.857142857142857
48.831 0.444444444444444 -0.142857142857143 1.11111111111111
48.864 0.428571428571429 -0.0634920634920635 1.04761904761905
48.898 0.428571428571429 -0.126984126984127 0.793650793650794
48.931 0.444444444444444 -0.174603174603175 0.984126984126984
48.964 0.428571428571429 -0.0952380952380952 1.15873015873016
48.998 0.428571428571429 -0.0793650793650794 0.904761904761905
49.031 0.428571428571429 -0.174603174603175 0.841269841269841
49.064 0.428571428571429 -0.142857142857143 1.06349206349206
49.098 0.428571428571429 -0.0793650793650794 1.04761904761905
49.131 0.412698412698413 -0.142857142857143 0.825396825396825
49.164 0.412698412698413 -0.19047619047619 0.920634920634921
49.198 0.428571428571429 -0.111111111111111 1.14285714285714
49.231 0.428571428571429 -0.0952380952380952 1.01587301587302
49.264 0.428571428571429 -0.174603174603175 0.793650793650794
49.298 0.428571428571429 -0.0952380952380952 0.888888888888889
49.331 0.428571428571429 -0.19047619047619 0.873015873015873
49.364 0.412698412698413 -0.0952380952380952 1.11111111111111
49.398 0.412698412698413 -0.0793650793650794 1
49.431 0.428571428571429 -0.158730158730159 0.793650793650794
49.464 0.444444444444444 -0.158730158730159 1
49.498 0.428571428571429 -0.0952380952380952 1.14285714285714
49.531 0.412698412698413 -0.0952380952380952 0.952380952380952
49.564 0.428571428571429 -0.19047619047619 0.80952380952381
49.598 0.428571428571429 -0.158730158730159 1.06349206349206
49.631 0.428571428571429 -0.0634920634920635 1.06349206349206
49.664 0.444444444444444 -0.111111111111111 0.841269841269841
49.698 0.412698412698413 -0.19047619047619 0.952380952380952
49.731 0.412698412698413 -0.111111111111111 1.0952380952381
49.764 0.428571428571429 -0.0952380952380952 0.968253968253968
49.798 0.428571428571429 -0.0476190476190476 1.0952380952381
49.831 0.428571428571429 -0.142857142857143 0.857142857142857
49.864 0.428571428571429 -0.206349206349206 0.873015873015873
49.898 0.412698412698413 -0.126984126984127 1.14285714285714
49.931 0.444444444444444 -0.0476190476190476 1.03174603174603
49.964 0.444444444444444 -0.158730158730159 0.825396825396825
49.998 0.412698412698413 -0.19047619047619 0.968253968253968
50.031 0.444444444444444 -0.0634920634920635 1.11111111111111
50.064 0.428571428571429 -0.111111111111111 0.888888888888889
50.097 0.444444444444444 -0.19047619047619 0.841269841269841
50.131 0.444444444444444 -0.142857142857143 1.07936507936508
50.164 0.428571428571429 -0.0476190476190476 1.0952380952381
50.197 0.428571428571429 -0.126984126984127 0.80952380952381
50.231 0.428571428571429 -0.206349206349206 0.888888888888889
50.264 0.444444444444444 -0.126984126984127 1.12698412698413
50.297 0.444444444444444 -0.174603174603175 1.01587301587302
50.331 0.428571428571429 -0.0793650793650794 1.11111111111111
50.364 0.412698412698413 -0.142857142857143 0.857142857142857
50.431 0.412698412698413 -0.142857142857143 1.11111111111111
50.464 0.428571428571429 -0.0634920634920635 1.06349206349206
50.497 0.412698412698413 -0.126984126984127 0.80952380952381
50.531 0.428571428571429 -0.222222222222222 0.904761904761905
50.564 0.428571428571429 -0.111111111111111 1.15873015873016
50.597 0.428571428571429 -0.0634920634920635 0.968253968253968
50.631 0.444444444444444 -0.174603174603175 0.793650793650794
50.664 0.428571428571429 -0.19047619047619 1.01587301587302
50.697 0.428571428571429 -0.0793650793650794 1.15873015873016
50.731 0.428571428571429 -0.0952380952380952 0.904761904761905
50.764 0.428571428571429 -0.174603174603175 0.825396825396825
50.831 0.428571428571429 -0.222222222222222 0.904761904761905
50.864 0.428571428571429 -0.126984126984127 1.12698412698413
50.897 0.428571428571429 -0.0634920634920635 1
50.931 0.428571428571429 -0.142857142857143 0.761904761904762
50.964 0.444444444444444 -0.19047619047619 0.984126984126984
50.997 0.412698412698413 -0.0793650793650794 1.12698412698413
51.031 0.428571428571429 -0.0793650793650794 0.904761904761905
51.064 0.412698412698413 -0.174603174603175 0.80952380952381
51.097 0.428571428571429 -0.158730158730159 1.04761904761905
51.131 0.428571428571429 -0.0952380952380952 1.12698412698413
51.164 0.428571428571429 -0.0952380952380952 0.841269841269841
51.197 0.428571428571429 -0.206349206349206 0.841269841269841
51.231 0.428571428571429 -0.174603174603175 1.11111111111111
51.264 0.444444444444444 -0.0634920634920635 1.06349206349206
51.297 0.428571428571429 -0.0952380952380952 1.14285714285714
51.331 0.428571428571429 -0.0793650793650794 0.984126984126984
51.364 0.444444444444444 -0.174603174603175 0.793650793650794
51.397 0.444444444444444 -0.19047619047619 1
51.431 0.428571428571429 -0.0793650793650794 1.15873015873016
51.464 0.428571428571429 -0.0793650793650794 0.857142857142857
51.497 0.428571428571429 -0.19047619047619 0.793650793650794
51.531 0.428571428571429 -0.174603174603175 1.06349206349206
51.564 0.428571428571429 -0.0634920634920635 1.0952380952381
51.597 0.428571428571429 -0.0952380952380952 0.857142857142857
51.631 0.412698412698413 -0.19047619047619 0.857142857142857
51.664 0.444444444444444 -0.126984126984127 1.0952380952381
51.697 0.428571428571429 -0.0476190476190476 1.04761904761905
51.731 0.428571428571429 -0.158730158730159 0.793650793650794
51.764 0.444444444444444 -0.0317460317460317 0.952380952380952
51.797 0.444444444444444 -0.19047619047619 0.80952380952381
51.831 0.428571428571429 -0.174603174603175 1.06349206349206
51.864 0.428571428571429 -0.0793650793650794 1.11111111111111
51.897 0.444444444444444 -0.0952380952380952 0.904761904761905
51.931 0.444444444444444 -0.19047619047619 0.80952380952381
51.964 0.412698412698413 -0.158730158730159 1.06349206349206
51.997 0.412698412698413 -0.0793650793650794 1.12698412698413
52.031 0.412698412698413 -0.0952380952380952 0.841269841269841
52.064 0.428571428571429 -0.206349206349206 0.841269841269841
52.097 0.428571428571429 -0.142857142857143 1.0952380952381
52.131 0.444444444444444 -0.0476190476190476 1.07936507936508
52.164 0.428571428571429 -0.126984126984127 0.825396825396825
52.197 0.428571428571429 -0.206349206349206 0.920634920634921
52.231 0.428571428571429 -0.111111111111111 1.14285714285714
52.264 0.428571428571429 -0.0634920634920635 1
52.297 0.428571428571429 -0.0793650793650794 1.15873015873016
52.331 0.412698412698413 -0.0793650793650794 0.968253968253968
52.364 0.428571428571429 -0.206349206349206 0.793650793650794
52.397 0.428571428571429 -0.206349206349206 1
52.431 0.412698412698413 -0.0634920634920635 1.12698412698413
52.464 0.428571428571429 -0.0793650793650794 0.857142857142857
52.497 0.444444444444444 -0.19047619047619 0.825396825396825
52.531 0.428571428571429 -0.158730158730159 1.07936507936508
52.564 0.428571428571429 -0.0793650793650794 1.0952380952381
52.597 0.412698412698413 -0.0952380952380952 0.857142857142857
52.631 0.428571428571429 -0.19047619047619 0.857142857142857
52.664 0.428571428571429 -0.142857142857143 1.11111111111111
52.697 0.412698412698413 -0.0634920634920635 1.07936507936508
52.731 0.428571428571429 -0.126984126984127 0.857142857142857
52.764 0.428571428571429 -0.222222222222222 0.841269841269841
52.797 0.428571428571429 -0.142857142857143 0.777777777777778
52.831 0.428571428571429 -0.19047619047619 0.968253968253968
52.864 0.428571428571429 -0.0952380952380952 1.11111111111111
52.897 0.412698412698413 -0.0952380952380952 0.984126984126984
52.931 0.428571428571429 -0.158730158730159 0.777777777777778
52.964 0.412698412698413 -0.206349206349206 0.984126984126984
52.997 0.428571428571429 -0.0952380952380952 1.14285714285714
53.031 0.428571428571429 -0.0476190476190476 0.936507936507937
53.064 0.428571428571429 -0.174603174603175 0.777777777777778
53.097 0.428571428571429 -0.206349206349206 1.01587301587302
53.131 0.428571428571429 -0.0793650793650794 1.12698412698413
53.164 0.444444444444444 -0.0634920634920635 0.920634920634921
53.197 0.444444444444444 -0.19047619047619 0.80952380952381
53.231 0.428571428571429 -0.158730158730159 1.01587301587302
53.264 0.428571428571429 -0.0793650793650794 1.14285714285714
53.297 0.428571428571429 -0.158730158730159 1.0952380952381
53.331 0.428571428571429 -0.0634920634920635 1.06349206349206
53.364 0.428571428571429 -0.111111111111111 0.841269841269841
53.397 0.428571428571429 -0.206349206349206 0.873015873015873
53.431 0.444444444444444 -0.142857142857143 1.07936507936508
53.464 0.428571428571429 -0.0634920634920635 1.06349206349206
53.497 0.428571428571429 -0.126984126984127 0.80952380952381
53.531 0.428571428571429 -0.19047619047619 0.888888888888889
53.564 0.444444444444444 -0.142857142857143 1.11111111111111
53.597 0.428571428571429 -0.0634920634920635 1.04761904761905
53.631 0.428571428571429 -0.142857142857143 0.80952380952381
53.664 0.428571428571429 -0.206349206349206 0.920634920634921
53.697 0.444444444444444 -0.126984126984127 1.14285714285714
53.731 0.428571428571429 -0.0634920634920635 1
53.764 0.444444444444444 -0.142857142857143 0.793650793650794
53.797 0.428571428571429 -0.0793650793650794 0.920634920634921
53.831 0.428571428571429 -0.158730158730159 0.80952380952381
53.864 0.428571428571429 -0.174603174603175 1.03174603174603
53.897 0.428571428571429 -0.111111111111111 1.07936507936508
53.931 0.428571428571429 -0.158730158730159 0.968253968253968
54.331 0.428571428571429 -0.142857142857143 0.968253968253968
54.731 0.428571428571429 -0.126984126984127 0.968253968253968
55.131 0.428571428571429 -0.142857142857143 0.984126984126984
55.431 0.428571428571429 -0.126984126984127 0.920634920634921
55.564 0.412698412698413 -0.142857142857143 1
55.764 0.428571428571429 -0.142857142857143 0.936507936507937
55.931 0.428571428571429 -0.126984126984127 1
55.964 0.428571428571429 -0.142857142857143 0.936507936507937
56.264 0.444444444444444 -0.158730158730159 1
56.631 0.428571428571429 -0.126984126984127 0.936507936507937
56.697 0.428571428571429 -0.126984126984127 1
57.097 0.412698412698413 -0.142857142857143 0.984126984126984
57.164 0.428571428571429 -0.206349206349206 0.857142857142857
57.197 0.396825396825397 0.0317460317460317 0.936507936507937
57.231 0.428571428571429 -0.0634920634920635 0.984126984126984
57.331 0.412698412698413 -0.0476190476190476 0.920634920634921
57.364 0.428571428571429 -0.126984126984127 0.952380952380952
57.564 0.428571428571429 -0.19047619047619 0.984126984126984
57.631 0.412698412698413 -0.126984126984127 0.984126984126984
58.031 0.412698412698413 -0.126984126984127 0.952380952380952
58.43 0.428571428571429 -0.142857142857143 0.968253968253968
58.83 0.444444444444444 -0.142857142857143 0.968253968253968
59.23 0.428571428571429 -0.142857142857143 0.968253968253968
59.63 0.412698412698413 -0.142857142857143 0.952380952380952
59.864 0.412698412698413 -0.0793650793650794 0.984126984126984
59.997 0.444444444444444 -0.206349206349206 0.984126984126984
60.06 0.428571428571429 -0.142857142857143 0.952380952380952
60.46 0.428571428571429 -0.111111111111111 0.936507936507937
60.56 0.428571428571429 -0.0952380952380952 1
60.63 0.412698412698413 -0.158730158730159 0.952380952380952
61.03 0.428571428571429 -0.142857142857143 0.968253968253968
61.43 0.412698412698413 -0.142857142857143 0.952380952380952
61.83 0.428571428571429 -0.126984126984127 0.968253968253968
62 0.412698412698413 -0.206349206349206 0.952380952380952
62.03 0.444444444444444 -0.0952380952380952 0.984126984126984
62.33 0.428571428571429 -0.174603174603175 0.952380952380952
62.4 0.428571428571429 -0.111111111111111 0.952380952380952
62.46 0.428571428571429 -0.174603174603175 1.01587301587302
62.66 0.428571428571429 -0.126984126984127 0.952380952380952
63.06 0.428571428571429 -0.126984126984127 0.984126984126984
63.46 0.412698412698413 -0.158730158730159 0.968253968253968
63.86 0.444444444444444 -0.142857142857143 0.968253968253968
64.26 0.412698412698413 -0.142857142857143 0.984126984126984
64.66 0.428571428571429 -0.142857142857143 0.984126984126984
65.06 0.412698412698413 -0.142857142857143 0.984126984126984
65.46 0.412698412698413 -0.142857142857143 0.952380952380952
65.66 0.428571428571429 -0.0793650793650794 1.01587301587302
65.86 0.412698412698413 -0.0476190476190476 0.952380952380952
65.93 0.444444444444444 -0.111111111111111 0.952380952380952
66 0.428571428571429 -0.126984126984127 0.857142857142857
66.1 0.428571428571429 -0.206349206349206 0.873015873015873
66.2 0.396825396825397 -0.0634920634920635 1
66.3 0.428571428571429 -0.0793650793650794 0.936507936507937
66.4 0.428571428571429 -0.158730158730159 0.888888888888889
66.5 0.444444444444444 -0.222222222222222 0.888888888888889
66.66 0.428571428571429 -0.222222222222222 0.952380952380952
66.7 0.412698412698413 -0.0476190476190476 0.968253968253968
66.76 0.444444444444444 -0.126984126984127 0.952380952380952
66.83 0.428571428571429 -0.19047619047619 0.888888888888889
67.06 0.444444444444444 -0.19047619047619 0.952380952380952
67.16 0.428571428571429 -0.0952380952380952 0.841269841269841
67.2 0.428571428571429 -0.174603174603175 0.841269841269841
67.26 0.428571428571429 -0.238095238095238 0.873015873015873
67.4 0.428571428571429 -0.206349206349206 0.968253968253968
67.5 0.428571428571429 -0.126984126984127 1.04761904761905
67.56 0.412698412698413 -0.0634920634920635 1.06349206349206
67.7 0.428571428571429 -0.0476190476190476 1
67.73 0.428571428571429 -0.19047619047619 1.01587301587302
67.8 0.428571428571429 -0.126984126984127 1.04761904761905
67.86 0.412698412698413 -0.0634920634920635 1.07936507936508
67.96 0.396825396825397 -0.0476190476190476 1.01587301587302
68.06 0.412698412698413 -0.111111111111111 0.936507936507937
68.16 0.428571428571429 -0.206349206349206 0.888888888888889
68.26 0.444444444444444 -0.0317460317460317 1.01587301587302
68.33 0.428571428571429 -0.0793650793650794 0.936507936507937
68.4 0.412698412698413 -0.142857142857143 0.920634920634921
68.46 0.444444444444444 -0.222222222222222 0.873015873015873
68.56 0.444444444444444 -0.253968253968254 0.936507936507937
68.63 0.444444444444444 -0.158730158730159 0.968253968253968
68.7 0.428571428571429 -0.0952380952380952 1.06349206349206
68.73 0.428571428571429 -0.19047619047619 0.841269841269841
68.86 0.444444444444444 -0.222222222222222 0.936507936507937
68.9 0.428571428571429 -0.174603174603175 1
68.96 0.428571428571429 -0.0952380952380952 1.06349206349206
69.03 0.412698412698413 -0.0317460317460317 1.03174603174603
69.16 0.428571428571429 -0.0793650793650794 0.936507936507937
69.23 0.428571428571429 -0.158730158730159 0.888888888888889
69.26 0.428571428571429 -0.0793650793650794 1.04761904761905
69.33 0.428571428571429 0 1.03174603174603
69.4 0.428571428571429 -0.0634920634920635 0.984126984126984
69.46 0.428571428571429 -0.126984126984127 0.904761904761905
69.53 0.444444444444444 -0.206349206349206 0.873015873015873
69.66 0.428571428571429 -0.206349206349206 0.952380952380952
69.73 0.428571428571429 -0.142857142857143 1.03174603174603
69.76 0.428571428571429 -0.174603174603175 0.888888888888889
69.86 0.444444444444444 -0.238095238095238 0.920634920634921
69.93 0.428571428571429 -0.206349206349206 0.984126984126984
70 0.428571428571429 -0.126984126984127 1.07936507936508
70.06 0.412698412698413 -0.0476190476190476 1.0952380952381
70.16 0.412698412698413 -0.0634920634920635 0.984126984126984
70.23 0.444444444444444 -0.142857142857143 0.920634920634921
70.3 0.428571428571429 -0.0476190476190476 1.06349206349206
70.43 0.444444444444444 -0.0793650793650794 0.952380952380952
70.5 0.444444444444444 -0.174603174603175 0.904761904761905
70.6 0.444444444444444 -0.253968253968254 0.920634920634921
70.63 0.428571428571429 -0.238095238095238 0.984126984126984
70.7 0.428571428571429 -0.19047619047619 1.04761904761905
70.76 0.428571428571429 -0.126984126984127 1.07936507936508
70.8 0.428571428571429 -0.238095238095238 0.888888888888889
70.93 0.428571428571429 -0.19047619047619 0.984126984126984
71.06 0.412698412698413 -0.126984126984127 0.936507936507937
71.46 0.428571428571429 -0.142857142857143 0.952380952380952
71.86 0.428571428571429 -0.126984126984127 0.984126984126984
72.26 0.428571428571429 -0.126984126984127 0.952380952380952
72.66 0.444444444444444 -0.158730158730159 0.968253968253968
73.06 0.412698412698413 -0.126984126984127 0.968253968253968
73.46 0.428571428571429 -0.142857142857143 0.984126984126984
73.86 0.428571428571429 -0.126984126984127 0.968253968253968
74.26 0.428571428571429 -0.126984126984127 0.968253968253968
74.66 0.412698412698413 -0.126984126984127 0.984126984126984
75.06 0.428571428571429 -0.111111111111111 0.968253968253968
75.46 0.428571428571429 -0.111111111111111 0.968253968253968
75.63 0.428571428571429 -0.174603174603175 0.984126984126984
76.03 0.428571428571429 -0.126984126984127 0.968253968253968
76.43 0.428571428571429 -0.158730158730159 0.936507936507937
76.83 0.428571428571429 -0.142857142857143 0.968253968253968
77.23 0.412698412698413 -0.111111111111111 0.968253968253968
77.63 0.428571428571429 -0.158730158730159 0.984126984126984
78.03 0.428571428571429 -0.126984126984127 0.952380952380952
78.43 0.412698412698413 -0.174603174603175 0.968253968253968
78.8 0.428571428571429 -0.111111111111111 0.968253968253968
79.2 0.428571428571429 -0.142857142857143 1
79.26 0.428571428571429 -0.126984126984127 0.936507936507937
79.4 0.428571428571429 -0.111111111111111 1
79.56 0.428571428571429 -0.174603174603175 0.952380952380952
79.63 0.428571428571429 -0.111111111111111 0.952380952380952
79.93 0.444444444444444 -0.126984126984127 1.01587301587302
80.1 0.428571428571429 -0.142857142857143 0.936507936507937
80.5 0.428571428571429 -0.126984126984127 0.968253968253968
80.9 0.428571428571429 -0.126984126984127 1
81.3 0.428571428571429 -0.158730158730159 0.984126984126984
81.7 0.412698412698413 -0.142857142857143 0.952380952380952
82.1 0.428571428571429 -0.126984126984127 0.936507936507937
82.5 0.428571428571429 -0.158730158730159 0.984126984126984
82.9 0.444444444444444 -0.111111111111111 0.984126984126984
83.3 0.444444444444444 -0.111111111111111 0.984126984126984
83.63 0.428571428571429 -0.158730158730159 0.920634920634921
83.76 0.444444444444444 -0.126984126984127 0.984126984126984
84.16 0.428571428571429 -0.142857142857143 0.984126984126984
84.26 0.428571428571429 -0.142857142857143 0.920634920634921
84.33 0.428571428571429 -0.158730158730159 0.984126984126984
84.5 0.428571428571429 -0.174603174603175 0.920634920634921
84.63 0.428571428571429 -0.111111111111111 1
85.03 0.428571428571429 -0.126984126984127 0.968253968253968
85.43 0.428571428571429 -0.158730158730159 0.952380952380952
85.56 0.444444444444444 -0.126984126984127 1.01587301587302
85.66 0.428571428571429 -0.142857142857143 0.952380952380952
85.86 0.412698412698413 -0.111111111111111 1.01587301587302
85.93 0.428571428571429 -0.126984126984127 0.936507936507937
86.13 0.444444444444444 -0.126984126984127 1
86.26 0.428571428571429 -0.126984126984127 0.936507936507937
86.4 0.428571428571429 -0.111111111111111 1
86.53 0.444444444444444 -0.142857142857143 0.936507936507937
86.7 0.428571428571429 -0.111111111111111 1
86.8 0.428571428571429 -0.142857142857143 0.936507936507937
87.2 0.444444444444444 -0.142857142857143 0.968253968253968
87.6 0.428571428571429 -0.142857142857143 0.952380952380952
88 0.412698412698413 -0.142857142857143 0.968253968253968
88.4 0.428571428571429 -0.142857142857143 0.952380952380952
88.8 0.428571428571429 -0.126984126984127 0.968253968253968
89.2 0.428571428571429 -0.142857142857143 0.968253968253968
89.6 0.428571428571429 -0.126984126984127 0.952380952380952
90 0.412698412698413 -0.158730158730159 0.952380952380952
90.4 0.428571428571429 -0.142857142857143 0.952380952380952
90.8 0.428571428571429 -0.142857142857143 0.968253968253968
91.16 0.428571428571429 -0.0634920634920635 0.968253968253968
91.23 0.428571428571429 -0.174603174603175 0.952380952380952
91.33 0.428571428571429 -0.111111111111111 0.952380952380952
91.53 0.428571428571429 -0.19047619047619 0.952380952380952
91.63 0.428571428571429 -0.126984126984127 0.968253968253968
91.83 0.428571428571429 -0.0634920634920635 0.984126984126984
91.9 0.428571428571429 -0.126984126984127 0.984126984126984
92 0.412698412698413 -0.206349206349206 0.984126984126984
92.06 0.428571428571429 -0.126984126984127 0.968253968253968
92.5 0.428571428571429 -0.126984126984127 0.984126984126984
92.83 0.428571428571429 -0.206349206349206 0.952380952380952
92.9 0.428571428571429 -0.142857142857143 0.952380952380952
92.96 0.412698412698413 -0.0634920634920635 0.984126984126984
93.06 0.444444444444444 -0.158730158730159 0.952380952380952
93.23 0.428571428571429 -0.0793650793650794 0.984126984126984
93.26 0.428571428571429 -0.206349206349206 0.984126984126984
93.33 0.428571428571429 -0.126984126984127 0.968253968253968
93.4 0.428571428571429 -0.0634920634920635 0.984126984126984
93.46 0.444444444444444 -0.142857142857143 0.968253968253968
93.66 0.428571428571429 -0.0634920634920635 1
93.73 0.428571428571429 -0.126984126984127 1
93.96 0.428571428571429 -0.19047619047619 0.920634920634921
94.03 0.412698412698413 -0.126984126984127 0.968253968253968
94.2 0.428571428571429 -0.206349206349206 0.968253968253968
94.23 0.412698412698413 -0.0793650793650794 1
94.3 0.428571428571429 -0.142857142857143 0.952380952380952
94.46 0.428571428571429 -0.0793650793650794 0.968253968253968
94.56 0.428571428571429 -0.158730158730159 0.952380952380952
94.86 0.412698412698413 -0.0952380952380952 0.968253968253968
95 0.428571428571429 -0.174603174603175 0.952380952380952
95.13 0.412698412698413 -0.111111111111111 0.952380952380952
95.43 0.428571428571429 -0.174603174603175 0.968253968253968
95.56 0.428571428571429 -0.0952380952380952 0.968253968253968
95.7 0.412698412698413 -0.158730158730159 0.936507936507937
95.96 0.428571428571429 -0.0952380952380952 0.984126984126984
96.1 0.444444444444444 -0.174603174603175 0.952380952380952
96.23 0.412698412698413 -0.111111111111111 0.984126984126984
96.26 0.428571428571429 -0.206349206349206 0.952380952380952
96.33 0.412698412698413 -0.126984126984127 0.936507936507937
96.53 0.444444444444444 -0.19047619047619 0.968253968253968
96.6 0.428571428571429 -0.126984126984127 0.968253968253968
97 0.428571428571429 -0.142857142857143 0.984126984126984
97.4 0.412698412698413 -0.142857142857143 0.952380952380952
97.8 0.444444444444444 -0.142857142857143 0.968253968253968
98.2 0.428571428571429 -0.126984126984127 0.968253968253968
98.6 0.428571428571429 -0.142857142857143 0.968253968253968
99 0.428571428571429 -0.142857142857143 0.984126984126984
99.4 0.428571428571429 -0.142857142857143 0.984126984126984
99.8 0.444444444444444 -0.126984126984127 0.984126984126984
100.2 0.428571428571429 -0.142857142857143 0.968253968253968
100.6 0.444444444444444 -0.158730158730159 0.984126984126984
100.96 0.428571428571429 -0.0952380952380952 0.952380952380952
101.2 0.412698412698413 -0.158730158730159 0.968253968253968
101.6 0.428571428571429 -0.142857142857143 0.952380952380952
102 0.428571428571429 -0.111111111111111 0.952380952380952
102.1 0.428571428571429 -0.174603174603175 0.936507936507937
102.33 0.412698412698413 -0.111111111111111 0.984126984126984
102.73 0.412698412698413 -0.126984126984127 0.952380952380952
103.13 0.428571428571429 -0.142857142857143 0.968253968253968
103.53 0.428571428571429 -0.111111111111111 0.968253968253968
103.93 0.412698412698413 -0.158730158730159 0.968253968253968
104.56 0.412698412698413 -0.158730158730159 0.952380952380952
104.96 0.428571428571429 -0.142857142857143 0.952380952380952
105.36 0.428571428571429 -0.126984126984127 0.984126984126984
105.76 0.412698412698413 -0.126984126984127 0.984126984126984
106.06 0.444444444444444 -0.111111111111111 0.920634920634921
106.16 0.428571428571429 -0.126984126984127 0.984126984126984
106.56 0.412698412698413 -0.142857142857143 0.952380952380952
106.96 0.412698412698413 -0.142857142857143 0.984126984126984
107.36 0.412698412698413 -0.126984126984127 0.952380952380952
107.76 0.428571428571429 -0.142857142857143 0.968253968253968
108.16 0.428571428571429 -0.111111111111111 0.984126984126984
108.5 0.428571428571429 -0.174603174603175 0.968253968253968
108.86 0.412698412698413 -0.0952380952380952 0.968253968253968
108.9 0.428571428571429 -0.174603174603175 0.952380952380952
109.2 0.428571428571429 -0.111111111111111 0.984126984126984
109.6 0.428571428571429 -0.111111111111111 0.984126984126984
110 0.412698412698413 -0.126984126984127 0.968253968253968
110.4 0.412698412698413 -0.142857142857143 0.952380952380952
110.8 0.428571428571429 -0.111111111111111 0.984126984126984
111.2 0.412698412698413 -0.142857142857143 1
111.6 0.428571428571429 -0.158730158730159 0.952380952380952
112 0.428571428571429 -0.158730158730159 0.936507936507937
112.4 0.428571428571429 -0.158730158730159 0.952380952380952
112.43 0.412698412698413 -0.0952380952380952 0.968253968253968
112.66 0.428571428571429 -0.158730158730159 0.968253968253968
113.06 0.428571428571429 -0.142857142857143 0.936507936507937
113.46 0.428571428571429 -0.174603174603175 0.984126984126984
113.5 0.428571428571429 -0.111111111111111 0.984126984126984
113.9 0.428571428571429 -0.126984126984127 0.952380952380952
114.3 0.428571428571429 -0.142857142857143 0.984126984126984
114.7 0.428571428571429 -0.158730158730159 0.952380952380952
115.1 0.428571428571429 -0.111111111111111 0.968253968253968
115.5 0.428571428571429 -0.142857142857143 0.952380952380952
115.9 0.428571428571429 -0.126984126984127 0.952380952380952
116.3 0.444444444444444 -0.142857142857143 0.952380952380952
116.7 0.412698412698413 -0.0952380952380952 0.984126984126984
116.9 0.428571428571429 -0.174603174603175 0.968253968253968
117.03 0.428571428571429 -0.0952380952380952 0.984126984126984
117.1 0.428571428571429 -0.158730158730159 0.968253968253968
117.4 0.428571428571429 -0.0952380952380952 0.984126984126984
117.8 0.428571428571429 -0.126984126984127 0.952380952380952
117.93 0.428571428571429 -0.206349206349206 0.952380952380952
118.06 0.428571428571429 -0.142857142857143 0.968253968253968
118.4 0.428571428571429 -0.0793650793650794 0.968253968253968
118.56 0.428571428571429 -0.142857142857143 0.984126984126984
118.73 0.412698412698413 -0.0793650793650794 1
118.9 0.428571428571429 -0.158730158730159 0.936507936507937
119.3 0.428571428571429 -0.174603174603175 0.968253968253968
119.43 0.412698412698413 -0.0952380952380952 0.984126984126984
119.56 0.428571428571429 -0.174603174603175 0.968253968253968
119.66 0.428571428571429 -0.0952380952380952 0.968253968253968
119.96 0.428571428571429 -0.158730158730159 0.952380952380952
120.1 0.428571428571429 -0.0952380952380952 0.984126984126984
120.16 0.428571428571429 -0.158730158730159 0.968253968253968
120.46 0.428571428571429 -0.0952380952380952 0.968253968253968
120.6 0.444444444444444 -0.174603174603175 0.952380952380952
120.73 0.428571428571429 -0.111111111111111 0.984126984126984
121 0.444444444444444 -0.174603174603175 0.984126984126984
121.13 0.412698412698413 -0.0952380952380952 0.984126984126984
121.23 0.428571428571429 -0.158730158730159 0.952380952380952
