15 10 37 303
15 10 40 6

2.999 0.19047619047619 0.0317460317460317 1
3.399 0.174603174603175 0.0317460317460317 1.03174603174603
3.799 0.174603174603175 0 1.03174603174603
4.199 0.174603174603175 0 1.01587301587302
4.599 0.174603174603175 0.0158730158730159 1.03174603174603
4.999 0.206349206349206 0.0158730158730159 1.03174603174603
5.399 0.19047619047619 0 1.03174603174603
5.799 0.206349206349206 0.0317460317460317 1.03174603174603
6.199 0.174603174603175 0.0158730158730159 1.03174603174603
6.599 0.174603174603175 0.0317460317460317 1.03174603174603
6.999 0.19047619047619 0.0317460317460317 1.01587301587302
7.399 0.19047619047619 0.0476190476190476 1.03174603174603
7.799 0.174603174603175 0.0158730158730159 1.06349206349206
8.199 0.174603174603175 0.0317460317460317 1.01587301587302
8.599 0.174603174603175 0.0317460317460317 1.01587301587302
8.999 0.19047619047619 0.0317460317460317 1.03174603174603
9.399 0.206349206349206 0.0158730158730159 1.06349206349206
9.599 0.174603174603175 0.0317460317460317 1
9.999 0.19047619047619 0.0158730158730159 1.01587301587302
10.399 0.19047619047619 0.0158730158730159 1.03174603174603
10.799 0.19047619047619 0.0158730158730159 1.03174603174603
11.199 0.174603174603175 0.0158730158730159 1.01587301587302
11.599 0.174603174603175 0.0634920634920635 1
11.666 0.206349206349206 0 1.01587301587302
12.066 0.174603174603175 0.0158730158730159 1.04761904761905
12.166 0.19047619047619 0.0158730158730159 0.984126984126984
12.266 0.19047619047619 0.0317460317460317 1.04761904761905
12.399 0.174603174603175 0.0476190476190476 0.984126984126984
12.499 0.19047619047619 0 1.04761904761905
12.899 0.174603174603175 0.0317460317460317 1.01587301587302
12.999 0.19047619047619 0 1.07936507936508
13.066 0.19047619047619 0.0634920634920635 1.03174603174603
13.166 0.19047619047619 0 1.01587301587302
13.566 0.19047619047619 0.0158730158730159 1.04761904761905
13.966 0.174603174603175 0.0476190476190476 1
14.332 0.19047619047619 0.0158730158730159 1.06349206349206
14.699 0.174603174603175 0.0317460317460317 1
14.832 0.19047619047619 0 1.06349206349206
14.866 0.174603174603175 0.0317460317460317 0.968253968253968
14.899 0.206349206349206 0.0158730158730159 1.03174603174603
15.299 0.19047619047619 0 1
15.566 0.174603174603175 0.0634920634920635 1.01587301587302
15.666 0.19047619047619 -0.0158730158730159 1.01587301587302
15.766 0.19047619047619 0.0476190476190476 1.04761904761905
16.166 0.174603174603175 0.0476190476190476 1
16.566 0.174603174603175 0.0158730158730159 1.06349206349206
16.965 0.174603174603175 0.0317460317460317 1.04761904761905
17.365 0.174603174603175 0.0158730158730159 1.01587301587302
17.765 0.174603174603175 0.0317460317460317 1.01587301587302
18.165 0.19047619047619 0.0317460317460317 1.03174603174603
18.565 0.19047619047619 0.0158730158730159 1.03174603174603
18.965 0.19047619047619 0.0317460317460317 1.03174603174603
19.365 0.19047619047619 0.0317460317460317 1.06349206349206
19.499 0.19047619047619 0.0158730158730159 1
19.899 0.19047619047619 0.0317460317460317 1.01587301587302
20.099 0.206349206349206 -0.0317460317460317 1.06349206349206
20.132 0.206349206349206 0.0476190476190476 1
20.232 0.174603174603175 0.0158730158730159 1.07936507936508
20.265 0.19047619047619 0.0158730158730159 1.01587301587302
20.665 0.158730158730159 0.0476190476190476 1
20.699 0.19047619047619 0.0158730158730159 1.06349206349206
20.732 0.174603174603175 0.0317460317460317 1
20.765 0.206349206349206 0.0158730158730159 1.0952380952381
20.799 0.174603174603175 0.0476190476190476 0.968253968253968
20.832 0.206349206349206 0.0158730158730159 1.07936507936508
20.865 0.174603174603175 0.0476190476190476 1.01587301587302
21.032 0.19047619047619 0.0158730158730159 1.0952380952381
21.065 0.174603174603175 0.0158730158730159 0.968253968253968
21.099 0.222222222222222 0.0158730158730159 1.0952380952381
21.132 0.174603174603175 0.0158730158730159 0.984126984126984
21.165 0.206349206349206 0.0476190476190476 1.07936507936508
21.199 0.158730158730159 0.0158730158730159 0.984126984126984
21.299 0.158730158730159 0.0634920634920635 1.04761904761905
21.465 0.142857142857143 0.0158730158730159 0.984126984126984
21.665 0.206349206349206 -0.0158730158730159 1.03174603174603
21.699 0.174603174603175 0.0634920634920635 1
21.732 0.19047619047619 0.0317460317460317 1.07936507936508
21.765 0.158730158730159 0.0476190476190476 0.984126984126984
21.799 0.19047619047619 0.0158730158730159 1.07936507936508
21.832 0.158730158730159 0.0317460317460317 0.968253968253968
21.899 0.19047619047619 0.0476190476190476 1.07936507936508
21.932 0.158730158730159 0 1
21.965 0.206349206349206 0.0634920634920635 1.07936507936508
21.999 0.174603174603175 0.0158730158730159 1
22.032 0.19047619047619 0.0317460317460317 1.06349206349206
22.065 0.158730158730159 0.0317460317460317 1
22.099 0.19047619047619 0.0476190476190476 1.06349206349206
22.132 0.158730158730159 0.0476190476190476 1
22.232 0.19047619047619 0.0634920634920635 1.06349206349206
22.265 0.174603174603175 0.0158730158730159 0.984126984126984
22.299 0.206349206349206 0.0793650793650794 1.06349206349206
22.332 0.19047619047619 -0.0158730158730159 0.968253968253968
22.365 0.206349206349206 0.0634920634920635 1.01587301587302
22.565 0.19047619047619 0 1.03174603174603
22.599 0.19047619047619 0.0634920634920635 1.04761904761905
22.632 0.19047619047619 0.0158730158730159 0.984126984126984
22.665 0.19047619047619 0.0476190476190476 1.04761904761905
23.032 0.158730158730159 0.0476190476190476 0.968253968253968
23.065 0.174603174603175 0.0317460317460317 1.06349206349206
23.099 0.158730158730159 0.0317460317460317 1
23.132 0.206349206349206 0.0634920634920635 1.06349206349206
23.165 0.174603174603175 0.0317460317460317 0.968253968253968
23.199 0.206349206349206 0.0317460317460317 1.07936507936508
23.232 0.158730158730159 0.0317460317460317 1.01587301587302
23.265 0.206349206349206 0.0158730158730159 1.0952380952381
23.299 0.158730158730159 0.0317460317460317 0.984126984126984
23.332 0.19047619047619 0.0317460317460317 1.0952380952381
23.365 0.174603174603175 0.0317460317460317 1.03174603174603
23.499 0.206349206349206 0.0476190476190476 1.0952380952381
23.532 0.158730158730159 0.0476190476190476 0.968253968253968
23.565 0.19047619047619 0.0476190476190476 1.11111111111111
23.599 0.19047619047619 0.0158730158730159 0.984126984126984
23.632 0.19047619047619 0.0317460317460317 1.0952380952381
23.665 0.174603174603175 0.0476190476190476 0.984126984126984
23.699 0.19047619047619 0.0317460317460317 1.07936507936508
23.732 0.158730158730159 0.0317460317460317 0.968253968253968
23.765 0.174603174603175 0.0476190476190476 1.07936507936508
23.799 0.142857142857143 0.0158730158730159 0.984126984126984
23.832 0.206349206349206 0.0317460317460317 1.07936507936508
23.899 0.174603174603175 -0.0158730158730159 1
23.932 0.206349206349206 0.0476190476190476 1.0952380952381
23.965 0.158730158730159 0.0158730158730159 0.984126984126984
23.999 0.174603174603175 0.0317460317460317 1.04761904761905
24.032 0.142857142857143 0.0158730158730159 0.968253968253968
24.065 0.174603174603175 0.0476190476190476 1.07936507936508
24.099 0.158730158730159 0 0.968253968253968
24.132 0.222222222222222 0.0317460317460317 1.11111111111111
24.165 0.158730158730159 0.0317460317460317 0.968253968253968
24.199 0.206349206349206 0.0317460317460317 1.07936507936508
24.232 0.19047619047619 0.0476190476190476 1
24.265 0.206349206349206 0.0476190476190476 1.0952380952381
24.299 0.174603174603175 0.0476190476190476 0.984126984126984
24.332 0.174603174603175 0.0158730158730159 1.06349206349206
24.399 0.158730158730159 0.0158730158730159 0.968253968253968
24.432 0.19047619047619 0.0634920634920635 1.07936507936508
24.465 0.174603174603175 0.0476190476190476 0.984126984126984
24.499 0.19047619047619 0.0317460317460317 1.07936507936508
24.599 0.158730158730159 0.0317460317460317 1
24.632 0.174603174603175 0.0158730158730159 1.07936507936508
24.665 0.158730158730159 0.0476190476190476 1
24.699 0.206349206349206 0.0317460317460317 1.07936507936508
24.732 0.174603174603175 0.0476190476190476 0.984126984126984
24.765 0.206349206349206 0.0158730158730159 1.07936507936508
24.799 0.174603174603175 0.0476190476190476 0.984126984126984
24.832 0.206349206349206 0.0158730158730159 1.06349206349206
24.899 0.158730158730159 0.0317460317460317 0.968253968253968
24.932 0.158730158730159 0.0317460317460317 1.07936507936508
24.965 0.19047619047619 0.0317460317460317 1.01587301587302
25.365 0.19047619047619 0.0476190476190476 1.03174603174603
25.765 0.19047619047619 0.0317460317460317 1.03174603174603
26.165 0.174603174603175 0.0317460317460317 1.01587301587302
26.565 0.174603174603175 0.0158730158730159 1.01587301587302
26.965 0.174603174603175 0.0476190476190476 1.04761904761905
27.365 0.19047619047619 0 1.03174603174603
27.565 0.174603174603175 0.0634920634920635 1.04761904761905
27.665 0.19047619047619 0.0476190476190476 0.984126984126984
27.698 0.19047619047619 0.0317460317460317 1.04761904761905
28.098 0.19047619047619 0.0476190476190476 1.03174603174603
28.332 0.111111111111111 0.0793650793650794 0.952380952380952
28.365 0.142857142857143 -0.0793650793650794 0.952380952380952
28.398 0.222222222222222 0.111111111111111 0.984126984126984
28.432 0.142857142857143 -0.0476190476190476 1.03174603174603
28.465 0.174603174603175 0.0634920634920635 0.968253968253968
28.498 0.174603174603175 0.0158730158730159 1.07936507936508
28.532 0.126984126984127 0 0.968253968253968
28.565 0.222222222222222 0.0793650793650794 1.17460317460317
28.598 0.126984126984127 -0.0158730158730159 0.968253968253968
28.632 0.222222222222222 0.142857142857143 1.12698412698413
28.665 0.142857142857143 -0.0634920634920635 0.968253968253968
28.698 0.19047619047619 0.206349206349206 1.06349206349206
28.732 0.142857142857143 -0.0634920634920635 0.936507936507937
28.765 0.19047619047619 0.158730158730159 0.936507936507937
28.798 0.158730158730159 -0.0952380952380952 1.03174603174603
28.832 0.158730158730159 0.0793650793650794 0.952380952380952
28.865 0.126984126984127 -0.0476190476190476 0.936507936507937
28.898 0.222222222222222 0.142857142857143 1.12698412698413
28.932 0.158730158730159 -0.0634920634920635 0.968253968253968
28.965 0.19047619047619 0.174603174603175 1.06349206349206
28.998 0.158730158730159 -0.0793650793650794 0.952380952380952
29.032 0.19047619047619 0.158730158730159 1
29.065 0.158730158730159 -0.0634920634920635 1
29.098 0.158730158730159 0.0952380952380952 0.984126984126984
29.132 0.174603174603175 0 1.11111111111111
29.165 0.111111111111111 0.0317460317460317 0.968253968253968
29.198 0.206349206349206 0.0634920634920635 1.20634920634921
29.232 0.111111111111111 -0.0317460317460317 1
29.265 0.206349206349206 0.126984126984127 1.17460317460317
29.298 0.158730158730159 -0.0952380952380952 0.920634920634921
29.332 0.222222222222222 0.174603174603175 0.952380952380952
29.398 0.142857142857143 0.0158730158730159 1.11111111111111
29.432 0.126984126984127 0.0158730158730159 0.936507936507937
29.465 0.206349206349206 0.0476190476190476 1.19047619047619
29.498 0.142857142857143 0 1
29.532 0.206349206349206 0.111111111111111 1.20634920634921
29.565 0.142857142857143 -0.0476190476190476 0.920634920634921
29.598 0.222222222222222 0.174603174603175 1.17460317460317
29.632 0.142857142857143 -0.0952380952380952 0.952380952380952
29.665 0.111111111111111 0.142857142857143 0.968253968253968
29.698 0.111111111111111 -0.0793650793650794 0.920634920634921
29.732 0.26984126984127 0.19047619047619 1.14285714285714
29.765 0.0952380952380952 -0.0634920634920635 1
29.798 0.174603174603175 0.111111111111111 0.968253968253968
29.832 0.0952380952380952 0.0158730158730159 0.904761904761905
29.865 0.206349206349206 0.142857142857143 1.19047619047619
29.898 0.111111111111111 -0.0476190476190476 0.936507936507937
29.932 0.142857142857143 0.158730158730159 1.07936507936508
29.965 0.0952380952380952 -0.0793650793650794 0.904761904761905
29.998 0.238095238095238 0.174603174603175 1.0952380952381
30.032 0.126984126984127 -0.0952380952380952 0.968253968253968
30.065 0.19047619047619 0.0952380952380952 0.984126984126984
30.098 0.142857142857143 -0.0317460317460317 1.06349206349206
30.132 0.142857142857143 0.0476190476190476 1.01587301587302
30.165 0.206349206349206 0.0952380952380952 1.19047619047619
30.198 0.0952380952380952 -0.0317460317460317 0.888888888888889
30.232 0.222222222222222 0.174603174603175 1.19047619047619
30.265 0.111111111111111 -0.0793650793650794 0.904761904761905
30.298 0.19047619047619 0.19047619047619 1.12698412698413
30.332 0.158730158730159 0.0793650793650794 0.968253968253968
30.365 0.158730158730159 -0.0158730158730159 1.11111111111111
30.398 0.111111111111111 0.0317460317460317 0.952380952380952
30.432 0.19047619047619 0.0952380952380952 1.20634920634921
30.465 0.0634920634920635 -0.0634920634920635 0.920634920634921
30.498 0.206349206349206 0.174603174603175 1.22222222222222
30.532 0.111111111111111 -0.0634920634920635 0.904761904761905
30.565 0.206349206349206 0.174603174603175 1.07936507936508
30.598 0.142857142857143 -0.0793650793650794 0.904761904761905
30.632 0.206349206349206 0.158730158730159 1.01587301587302
30.665 0.142857142857143 -0.0476190476190476 1.01587301587302
30.698 0.158730158730159 0.0634920634920635 0.984126984126984
30.732 0.174603174603175 0.0317460317460317 1.17460317460317
30.765 0.0952380952380952 0 0.936507936507937
30.798 0.222222222222222 -0.0634920634920635 0.920634920634921
30.865 0.142857142857143 -0.0634920634920635 0.952380952380952
30.898 0.174603174603175 0.142857142857143 0.952380952380952
30.932 0.158730158730159 -0.0476190476190476 1.07936507936508
30.965 0.126984126984127 0.0317460317460317 0.984126984126984
30.998 0.19047619047619 0.0952380952380952 1.22222222222222
31.032 0.0793650793650794 -0.0476190476190476 0.936507936507937
31.065 0.222222222222222 0.158730158730159 1.22222222222222
31.098 0.0952380952380952 -0.0952380952380952 0.904761904761905
31.132 0.19047619047619 0.158730158730159 1.07936507936508
31.165 0.142857142857143 -0.0793650793650794 0.968253968253968
31.198 0.206349206349206 0.158730158730159 0.984126984126984
31.232 0.158730158730159 -0.0476190476190476 1
31.265 0.158730158730159 0.0952380952380952 0.952380952380952
31.298 0.0634920634920635 -0.0793650793650794 0.936507936507937
31.332 0.222222222222222 0.158730158730159 1.19047619047619
31.365 0.111111111111111 -0.0952380952380952 0.920634920634921
31.398 0.19047619047619 0.158730158730159 1.04761904761905
31.432 0.158730158730159 -0.0634920634920635 0.920634920634921
31.465 0.19047619047619 0.142857142857143 1.01587301587302
31.498 0.174603174603175 -0.0317460317460317 1.06349206349206
31.532 0.126984126984127 0.0317460317460317 0.952380952380952
31.565 0.19047619047619 0.0476190476190476 1.19047619047619
31.598 0.0952380952380952 -0.0317460317460317 0.968253968253968
31.632 0.206349206349206 0.142857142857143 1.23809523809524
31.665 0.0634920634920635 -0.0793650793650794 0.904761904761905
31.698 0.222222222222222 0.174603174603175 1.14285714285714
31.732 0.111111111111111 -0.0952380952380952 0.873015873015873
31.765 0.19047619047619 0.0158730158730159 1.11111111111111
31.798 0.111111111111111 0.0476190476190476 0.984126984126984
31.832 0.206349206349206 0.0952380952380952 1.25396825396825
31.865 0.111111111111111 -0.0793650793650794 0.968253968253968
31.898 0.206349206349206 0.174603174603175 1.19047619047619
31.932 0.0634920634920635 -0.0793650793650794 0.888888888888889
31.965 0.253968253968254 0.19047619047619 1.14285714285714
31.998 0.126984126984127 -0.0634920634920635 0.904761904761905
32.032 0.142857142857143 0.126984126984127 0.952380952380952
32.065 0.158730158730159 -0.0158730158730159 0.968253968253968
32.098 0.19047619047619 0.0952380952380952 0.984126984126984
32.132 0.19047619047619 0.0476190476190476 1.14285714285714
32.165 0.111111111111111 0 0.952380952380952
32.198 0.206349206349206 0.111111111111111 1.28571428571429
32.232 0.111111111111111 -0.0952380952380952 0.936507936507937
32.298 0.111111111111111 0.126984126984127 0.936507936507937
32.332 0.142857142857143 -0.0317460317460317 1
32.365 0.19047619047619 0.0793650793650794 1.01587301587302
32.398 0.19047619047619 0.0793650793650794 1.19047619047619
32.432 0.0952380952380952 -0.0476190476190476 0.984126984126984
32.465 0.19047619047619 0.126984126984127 1.23809523809524
32.498 0.111111111111111 -0.0952380952380952 0.952380952380952
32.532 0.158730158730159 0.142857142857143 1.11111111111111
32.565 0.0793650793650794 -0.0793650793650794 0.904761904761905
32.598 0.26984126984127 0.19047619047619 1.15873015873016
32.632 0.126984126984127 -0.0793650793650794 0.952380952380952
32.665 0.142857142857143 0.111111111111111 0.936507936507937
32.698 0.0952380952380952 0 0.952380952380952
32.732 0.206349206349206 0.111111111111111 1.23809523809524
32.765 0.126984126984127 -0.0793650793650794 0.984126984126984
32.798 0.142857142857143 0.142857142857143 1.11111111111111
32.832 0.0793650793650794 -0.111111111111111 0.920634920634921
32.865 0.253968253968254 0.19047619047619 1.15873015873016
32.898 0.142857142857143 -0.0634920634920635 0.952380952380952
32.932 0.126984126984127 0.111111111111111 0.920634920634921
32.965 0.111111111111111 -0.0317460317460317 1
32.998 0.206349206349206 0.0634920634920635 1.06349206349206
33.032 0.206349206349206 0.0634920634920635 1.17460317460317
33.065 0.111111111111111 -0.0158730158730159 0.904761904761905
33.098 0.19047619047619 0.126984126984127 1.20634920634921
33.132 0.126984126984127 -0.0634920634920635 0.984126984126984
33.165 0.126984126984127 0.126984126984127 1.06349206349206
33.198 0.0793650793650794 -0.0793650793650794 0.904761904761905
33.232 0.111111111111111 -0.0158730158730159 0.984126984126984
33.265 0.206349206349206 0.0476190476190476 1.04761904761905
33.298 0.206349206349206 0.0634920634920635 1.15873015873016
33.332 0.0793650793650794 -0.0158730158730159 0.888888888888889
33.365 0.19047619047619 0.142857142857143 1.19047619047619
33.398 0.126984126984127 -0.0793650793650794 1.01587301587302
33.431 0.126984126984127 0.142857142857143 1.04761904761905
33.465 0.0793650793650794 -0.0634920634920635 0.873015873015873
33.498 0.238095238095238 0.206349206349206 1.12698412698413
33.531 0.285714285714286 0.0158730158730159 1.19047619047619
33.565 0.158730158730159 0.0476190476190476 1.03174603174603
33.965 0.142857142857143 0.0476190476190476 1.01587301587302
34.365 0.158730158730159 0.0158730158730159 1.06349206349206
34.598 0.158730158730159 0.0317460317460317 1
34.998 0.142857142857143 0.0476190476190476 1.03174603174603
35.398 0.142857142857143 0.0476190476190476 1.01587301587302
35.798 0.142857142857143 0.0158730158730159 1.03174603174603
36.198 0.126984126984127 0.0317460317460317 1.01587301587302
36.598 0.142857142857143 0.0476190476190476 1.03174603174603
36.798 0.222222222222222 0.0634920634920635 1.15873015873016
36.831 0.111111111111111 -0.0952380952380952 0.936507936507937
36.865 0.158730158730159 0.0317460317460317 1.0952380952381
36.898 0.142857142857143 -0.0634920634920635 1.06349206349206
36.931 0.0634920634920635 -0.0476190476190476 0.873015873015873
36.965 0.158730158730159 0.0634920634920635 1.11111111111111
36.998 0.111111111111111 0.0793650793650794 0.968253968253968
37.065 0.142857142857143 -0.0158730158730159 0.968253968253968
37.098 0.142857142857143 0.0793650793650794 1.11111111111111
37.131 0.158730158730159 0 0.984126984126984
37.198 0.0952380952380952 0.0158730158730159 0.968253968253968
37.231 0.158730158730159 0.142857142857143 1.07936507936508
37.265 0.19047619047619 -0.0158730158730159 1.0952380952381
37.298 0.0793650793650794 0.0476190476190476 1
37.331 0.174603174603175 0.0793650793650794 1
37.365 0.126984126984127 0.0158730158730159 1.04761904761905
37.565 0.19047619047619 0.0634920634920635 1.04761904761905
37.698 0.126984126984127 0.0317460317460317 1.04761904761905
37.831 0.19047619047619 0.0476190476190476 1.04761904761905
37.898 0.19047619047619 0.0634920634920635 0.984126984126984
38.065 0.126984126984127 0.0476190476190476 1
38.465 0.126984126984127 0.0317460317460317 1.03174603174603
38.631 0.142857142857143 0.0317460317460317 1.0952380952381
38.665 0.174603174603175 0.0634920634920635 1
39.065 0.142857142857143 0.0793650793650794 1
39.198 0.206349206349206 0.0476190476190476 1.01587301587302
39.331 0.142857142857143 0.0476190476190476 1.01587301587302
39.565 0.158730158730159 0 1.07936507936508
39.965 0.111111111111111 0.0317460317460317 1.06349206349206
40.198 0.142857142857143 0.0317460317460317 0.984126984126984
40.598 0.19047619047619 0.0793650793650794 0.968253968253968
40.631 0.158730158730159 0.0317460317460317 1.03174603174603
41.031 0.142857142857143 0.0317460317460317 1.04761904761905
41.431 0.158730158730159 0.0634920634920635 1
41.665 0.158730158730159 0 1.03174603174603
42.031 0.142857142857143 0.0317460317460317 1.11111111111111
42.098 0.0793650793650794 0.0158730158730159 0.936507936507937
42.131 0.158730158730159 -0.0317460317460317 1.11111111111111
42.164 0.0952380952380952 -0.0158730158730159 0.904761904761905
42.198 0.19047619047619 0.0793650793650794 1.07936507936508
42.231 0.174603174603175 0.0158730158730159 1.03174603174603
42.631 0.158730158730159 0.0317460317460317 1.01587301587302
43.031 0.158730158730159 0.0476190476190476 1.03174603174603
43.431 0.158730158730159 0.0317460317460317 1.01587301587302
43.831 0.158730158730159 0.0317460317460317 1.01587301587302
44.231 0.158730158730159 0.0317460317460317 1
44.631 0.142857142857143 0.0476190476190476 1.03174603174603
45.031 0.158730158730159 0.0476190476190476 1.03174603174603
45.364 0.111111111111111 0.111111111111111 1
45.398 0.142857142857143 0.0952380952380952 1.17460317460317
45.431 0.174603174603175 -0.0317460317460317 1.23809523809524
45.464 0.19047619047619 -0.0158730158730159 0.920634920634921
45.498 0.174603174603175 0.126984126984127 0.841269841269841
45.531 0.126984126984127 0.111111111111111 1.06349206349206
45.564 0.158730158730159 -0.0158730158730159 1.20634920634921
45.598 0.126984126984127 0.142857142857143 0.984126984126984
45.631 0.174603174603175 0.0158730158730159 1.23809523809524
45.664 0.222222222222222 -0.0476190476190476 1.12698412698413
45.698 0.174603174603175 0.0476190476190476 0.80952380952381
45.731 0.142857142857143 0.0952380952380952 0.904761904761905
45.764 0.126984126984127 0.0476190476190476 1.19047619047619
45.798 0.19047619047619 -0.0634920634920635 1.15873015873016
45.831 0.174603174603175 0 0.888888888888889
45.864 0.126984126984127 0.142857142857143 0.873015873015873
45.898 0.126984126984127 0.0952380952380952 1.14285714285714
45.931 0.174603174603175 -0.0476190476190476 1.22222222222222
45.964 0.206349206349206 -0.0317460317460317 0.936507936507937
45.998 0.142857142857143 0.0952380952380952 0.793650793650794
46.031 0.126984126984127 0.0793650793650794 1.12698412698413
46.064 0.19047619047619 -0.0158730158730159 0.857142857142857
46.098 0.111111111111111 0.111111111111111 1.15873015873016
46.131 0.174603174603175 -0.0317460317460317 1.23809523809524
46.164 0.19047619047619 -0.111111111111111 1.0952380952381
46.198 0.158730158730159 0.0158730158730159 0.841269841269841
46.231 0.111111111111111 0.142857142857143 0.841269841269841
46.264 0.142857142857143 0.126984126984127 1.12698412698413
46.298 0.19047619047619 -0.0158730158730159 1.25396825396825
46.331 0.222222222222222 -0.0476190476190476 1.03174603174603
46.364 0.142857142857143 0.0476190476190476 0.793650793650794
46.398 0.111111111111111 0.111111111111111 1.01587301587302
46.431 0.158730158730159 0.0158730158730159 1.22222222222222
46.464 0.19047619047619 -0.0634920634920635 1.11111111111111
46.498 0.19047619047619 0 0.873015873015873
46.531 0.111111111111111 0.142857142857143 0.904761904761905
46.564 0.174603174603175 0.0476190476190476 0.80952380952381
46.598 0.126984126984127 0.111111111111111 0.920634920634921
46.631 0.158730158730159 0.0317460317460317 1.23809523809524
46.664 0.19047619047619 -0.0634920634920635 1.14285714285714
46.698 0.206349206349206 0.0158730158730159 0.841269841269841
46.731 0.142857142857143 0.126984126984127 0.857142857142857
46.764 0.126984126984127 0.111111111111111 1.12698412698413
46.798 0.174603174603175 -0.0317460317460317 1.26984126984127
46.831 0.19047619047619 -0.111111111111111 1.0952380952381
46.864 0.158730158730159 -0.0158730158730159 0.825396825396825
46.898 0.111111111111111 0.111111111111111 0.825396825396825
46.931 0.126984126984127 0.0952380952380952 1.14285714285714
46.964 0.19047619047619 0 1.26984126984127
46.998 0.222222222222222 -0.0317460317460317 1.11111111111111
47.031 0.206349206349206 0.0317460317460317 1.23809523809524
47.064 0.19047619047619 -0.0793650793650794 1.11111111111111
47.098 0.158730158730159 0.0158730158730159 0.873015873015873
47.131 0.111111111111111 0.142857142857143 0.857142857142857
47.164 0.126984126984127 0.111111111111111 1.15873015873016
47.198 0.19047619047619 -0.0158730158730159 1.23809523809524
47.231 0.206349206349206 0 0.920634920634921
47.264 0.142857142857143 0.0952380952380952 0.777777777777778
47.298 0.126984126984127 0.0793650793650794 1.0952380952381
47.331 0.174603174603175 0 1.25396825396825
47.364 0.206349206349206 -0.0634920634920635 1
47.398 0.158730158730159 0.0634920634920635 0.825396825396825
47.431 0.126984126984127 0.158730158730159 1
47.464 0.142857142857143 0.0793650793650794 1.25396825396825
47.498 0.206349206349206 -0.0634920634920635 1.15873015873016
47.531 0.158730158730159 0.0476190476190476 1.23809523809524
47.564 0.19047619047619 -0.0476190476190476 1.14285714285714
47.598 0.222222222222222 -0.0158730158730159 0.825396825396825
47.631 0.158730158730159 0.126984126984127 0.80952380952381
47.664 0.126984126984127 0.142857142857143 1.0952380952381
47.698 0.142857142857143 0.0317460317460317 1.25396825396825
47.731 0.19047619047619 -0.0793650793650794 1.19047619047619
47.764 0.19047619047619 -0.0634920634920635 0.936507936507937
47.798 0.142857142857143 0.0952380952380952 0.825396825396825
47.831 0.111111111111111 0.142857142857143 1.03174603174603
47.864 0.142857142857143 0.0634920634920635 1.25396825396825
47.898 0.222222222222222 -0.0317460317460317 1.17460317460317
47.931 0.19047619047619 0.0158730158730159 0.825396825396825
47.964 0.142857142857143 0.126984126984127 0.841269841269841
47.998 0.126984126984127 0.0793650793650794 1.15873015873016
48.031 0.126984126984127 0.142857142857143 0.857142857142857
48.064 0.142857142857143 0.126984126984127 1.17460317460317
48.098 0.206349206349206 0 1.25396825396825
48.131 0.206349206349206 -0.0158730158730159 0.936507936507937
48.164 0.158730158730159 0.0952380952380952 0.761904761904762
48.198 0.126984126984127 0.0952380952380952 1.06349206349206
48.231 0.174603174603175 0 1.25396825396825
48.264 0.206349206349206 -0.0476190476190476 1.01587301587302
48.298 0.174603174603175 0.0476190476190476 0.793650793650794
48.331 0.126984126984127 0.142857142857143 0.952380952380952
48.364 0.142857142857143 0.0952380952380952 1.22222222222222
48.398 0.19047619047619 -0.0476190476190476 1.26984126984127
48.431 0.206349206349206 -0.0793650793650794 1.01587301587302
48.464 0.174603174603175 0.0476190476190476 0.793650793650794
48.498 0.111111111111111 0.111111111111111 0.936507936507937
48.531 0.19047619047619 0.0317460317460317 0.793650793650794
48.564 0.126984126984127 0.142857142857143 0.841269841269841
48.598 0.111111111111111 0.126984126984127 1.12698412698413
48.631 0.158730158730159 0 1.25396825396825
48.664 0.206349206349206 -0.0634920634920635 1.12698412698413
48.698 0.19047619047619 -0.0317460317460317 0.857142857142857
48.731 0.142857142857143 0.142857142857143 0.841269841269841
48.764 0.126984126984127 0.158730158730159 1.07936507936508
48.798 0.206349206349206 0 1.25396825396825
48.831 0.222222222222222 -0.0476190476190476 1
48.864 0.19047619047619 0.0793650793650794 0.777777777777778
48.898 0.126984126984127 0.126984126984127 0.984126984126984
48.931 0.142857142857143 0.0158730158730159 1.22222222222222
48.964 0.174603174603175 -0.0793650793650794 1.14285714285714
48.998 0.174603174603175 0 1.23809523809524
49.031 0.222222222222222 -0.0634920634920635 1.15873015873016
49.064 0.174603174603175 0 0.825396825396825
49.098 0.126984126984127 0.111111111111111 0.857142857142857
49.131 0.111111111111111 0.0793650793650794 1.19047619047619
49.164 0.174603174603175 -0.0317460317460317 1.22222222222222
49.198 0.206349206349206 -0.0317460317460317 0.920634920634921
49.231 0.174603174603175 0.0793650793650794 0.793650793650794
49.264 0.126984126984127 0.158730158730159 1
49.298 0.126984126984127 0.0793650793650794 1.25396825396825
49.331 0.19047619047619 -0.0634920634920635 1.25396825396825
49.364 0.206349206349206 -0.0952380952380952 0.984126984126984
49.398 0.158730158730159 0.0317460317460317 0.80952380952381
49.431 0.126984126984127 0.126984126984127 0.936507936507937
49.498 0.19047619047619 0.142857142857143 0.857142857142857
49.531 0.111111111111111 0.111111111111111 1.12698412698413
49.564 0.174603174603175 -0.0158730158730159 1.28571428571429
49.598 0.206349206349206 -0.0793650793650794 1.11111111111111
49.631 0.174603174603175 -0.0317460317460317 0.888888888888889
49.664 0.126984126984127 0.126984126984127 0.841269841269841
49.698 0.111111111111111 0.158730158730159 1.0952380952381
49.731 0.19047619047619 0.0158730158730159 1.23809523809524
49.764 0.206349206349206 -0.0317460317460317 1.06349206349206
49.798 0.174603174603175 0.0317460317460317 0.777777777777778
49.831 0.111111111111111 0.126984126984127 0.936507936507937
49.864 0.126984126984127 0.0317460317460317 1.23809523809524
49.898 0.19047619047619 -0.0634920634920635 1.17460317460317
49.931 0.19047619047619 -0.0476190476190476 0.920634920634921
49.964 0.158730158730159 0.126984126984127 0.80952380952381
49.998 0.126984126984127 0.142857142857143 0.904761904761905
50.031 0.126984126984127 0.0952380952380952 0.777777777777778
50.064 0.111111111111111 0.0952380952380952 1.12698412698413
50.097 0.158730158730159 -0.0158730158730159 1.23809523809524
50.131 0.206349206349206 -0.0476190476190476 1.01587301587302
50.164 0.19047619047619 0.0476190476190476 0.793650793650794
50.197 0.142857142857143 0.142857142857143 0.904761904761905
50.231 0.126984126984127 0.0952380952380952 1.22222222222222
50.264 0.19047619047619 -0.0634920634920635 1.25396825396825
50.297 0.206349206349206 -0.0952380952380952 1.03174603174603
50.331 0.158730158730159 0 0.825396825396825
50.364 0.111111111111111 0.0952380952380952 0.857142857142857
50.397 0.142857142857143 0.0952380952380952 1.17460317460317
50.431 0.174603174603175 0 1.25396825396825
50.464 0.222222222222222 0 1.01587301587302
50.497 0.158730158730159 0.0158730158730159 1.3015873015873
50.531 0.206349206349206 -0.0793650793650794 1.20634920634921
50.564 0.19047619047619 -0.0793650793650794 0.936507936507937
50.597 0.174603174603175 0.0317460317460317 0.920634920634921
50.631 0.174603174603175 0.0634920634920635 1.01587301587302
51.031 0.174603174603175 0.0317460317460317 1.03174603174603
51.431 0.158730158730159 0.0476190476190476 1.03174603174603
51.831 0.158730158730159 0.0634920634920635 1.04761904761905
52.231 0.158730158730159 0.0317460317460317 1.01587301587302
52.631 0.174603174603175 0.0317460317460317 1.03174603174603
53.031 0.142857142857143 0.0158730158730159 1.01587301587302
53.431 0.158730158730159 0.0476190476190476 1.04761904761905
53.797 0.222222222222222 0.0317460317460317 0.825396825396825
53.831 0.111111111111111 0.0952380952380952 1.25396825396825
53.864 0.0793650793650794 0.111111111111111 1.19047619047619
53.897 0.111111111111111 0.0317460317460317 0.984126984126984
53.931 0.158730158730159 0.0158730158730159 0.825396825396825
53.964 0.0476190476190476 0.142857142857143 1.25396825396825
53.997 0.0476190476190476 0.126984126984127 1.0952380952381
54.031 0.126984126984127 0.0476190476190476 0.841269841269841
54.064 0.174603174603175 -0.0158730158730159 0.825396825396825
54.097 0.238095238095238 -0.0634920634920635 0.920634920634921
54.131 0.238095238095238 -0.111111111111111 1.0952380952381
54.164 0.206349206349206 -0.0952380952380952 1.28571428571429
54.197 0.142857142857143 -0.0317460317460317 1.26984126984127
54.231 0.158730158730159 0.0158730158730159 1.0952380952381
54.264 0.174603174603175 0.0634920634920635 0.841269841269841
54.297 0.238095238095238 0.0317460317460317 0.777777777777778
54.331 0.26984126984127 0.0476190476190476 0.857142857142857
54.364 0.206349206349206 0.0317460317460317 1.06349206349206
54.397 0.126984126984127 0.111111111111111 1.23809523809524
54.431 0.0476190476190476 0.158730158730159 1.19047619047619
54.464 0.0634920634920635 0.0952380952380952 0.984126984126984
54.497 0.158730158730159 0.0634920634920635 1.22222222222222
54.531 0.0634920634920635 0.111111111111111 1.22222222222222
54.564 0.0634920634920635 0.0952380952380952 1.04761904761905
54.597 0.126984126984127 0.0793650793650794 0.80952380952381
54.631 0.206349206349206 0.0158730158730159 0.777777777777778
54.664 0.253968253968254 -0.0634920634920635 0.920634920634921
54.697 0.222222222222222 -0.0793650793650794 1.17460317460317
54.731 0.174603174603175 0 1.28571428571429
54.764 0.142857142857143 0.0634920634920635 1.19047619047619
54.797 0.174603174603175 0.0634920634920635 1
54.831 0.19047619047619 0.0476190476190476 0.746031746031746
54.864 0.253968253968254 0.0634920634920635 0.841269841269841
54.897 0.238095238095238 0.0476190476190476 1.01587301587302
54.931 0.158730158730159 0.0793650793650794 1.22222222222222
54.964 0.0793650793650794 0.111111111111111 1.26984126984127
54.997 0.253968253968254 0 0.952380952380952
55.031 0.19047619047619 0.0634920634920635 1.25396825396825
55.064 0.0952380952380952 0.0952380952380952 1.19047619047619
55.097 0.0793650793650794 0.0793650793650794 1.04761904761905
55.131 0.142857142857143 0.0476190476190476 0.825396825396825
55.164 0.19047619047619 -0.0158730158730159 0.777777777777778
55.197 0.238095238095238 -0.0317460317460317 0.936507936507937
55.231 0.222222222222222 -0.0952380952380952 1.19047619047619
55.264 0.19047619047619 -0.0158730158730159 1.34920634920635
55.297 0.111111111111111 0.0476190476190476 1.23809523809524
55.331 0.126984126984127 0.0952380952380952 1
55.364 0.206349206349206 0.0634920634920635 0.793650793650794
55.397 0.26984126984127 0.0158730158730159 0.841269841269841
55.431 0.253968253968254 0.0158730158730159 0.936507936507937
55.464 0.158730158730159 0.0476190476190476 0.761904761904762
55.497 0.253968253968254 0.0634920634920635 0.857142857142857
55.531 0.206349206349206 0.0634920634920635 1.0952380952381
55.564 0.111111111111111 0.0952380952380952 1.26984126984127
55.597 0.0317460317460317 0.142857142857143 1.17460317460317
55.631 0.0634920634920635 0.126984126984127 0.952380952380952
55.664 0.142857142857143 0.0476190476190476 0.793650793650794
55.697 0.206349206349206 -0.0476190476190476 0.873015873015873
55.731 0.253968253968254 -0.111111111111111 1.03174603174603
55.764 0.206349206349206 -0.0952380952380952 1.28571428571429
55.797 0.174603174603175 -0.0317460317460317 1.33333333333333
55.831 0.158730158730159 0.0317460317460317 1.04761904761905
55.864 0.174603174603175 0.0952380952380952 0.793650793650794
55.931 0.253968253968254 0.0476190476190476 0.936507936507937
55.964 0.158730158730159 0.0476190476190476 0.80952380952381
55.997 0.238095238095238 0 0.793650793650794
56.031 0.253968253968254 0.0158730158730159 1.03174603174603
56.064 0.158730158730159 0.0317460317460317 1.23809523809524
56.097 0.0952380952380952 0.0952380952380952 1.20634920634921
56.131 0.0634920634920635 0.0793650793650794 1.11111111111111
56.164 0.142857142857143 0.0793650793650794 0.825396825396825
56.197 0.222222222222222 0.0158730158730159 0.777777777777778
56.231 0.253968253968254 -0.0476190476190476 0.984126984126984
56.264 0.238095238095238 -0.0793650793650794 1.20634920634921
56.297 0.142857142857143 0 1.25396825396825
56.331 0.126984126984127 0.0793650793650794 1.11111111111111
56.364 0.174603174603175 0.0634920634920635 0.841269841269841
56.397 0.222222222222222 0 0.761904761904762
56.431 0.253968253968254 0.0317460317460317 0.968253968253968
56.464 0.158730158730159 0.0952380952380952 0.80952380952381
56.497 0.253968253968254 0.0476190476190476 0.761904761904762
56.531 0.285714285714286 0.0158730158730159 0.936507936507937
56.564 0.19047619047619 0.0476190476190476 1.22222222222222
56.597 0.0952380952380952 0.126984126984127 1.25396825396825
56.631 0.0476190476190476 0.0952380952380952 1.03174603174603
56.664 0.126984126984127 0.0317460317460317 0.80952380952381
56.697 0.19047619047619 -0.0158730158730159 0.793650793650794
56.731 0.206349206349206 -0.0634920634920635 1
56.764 0.206349206349206 -0.0793650793650794 1.31746031746032
56.797 0.142857142857143 0 1.31746031746032
56.831 0.111111111111111 0.0634920634920635 1.12698412698413
56.864 0.174603174603175 0.111111111111111 0.904761904761905
56.897 0.253968253968254 0.0476190476190476 0.777777777777778
56.931 0.26984126984127 0.0476190476190476 0.904761904761905
56.964 0.206349206349206 0.0317460317460317 0.80952380952381
57.031 0.238095238095238 0.0634920634920635 0.984126984126984
57.064 0.158730158730159 0.0634920634920635 1.22222222222222
57.097 0.0634920634920635 0.0952380952380952 1.26984126984127
57.131 0.0317460317460317 0.126984126984127 1.07936507936508
57.164 0.126984126984127 0.0476190476190476 0.793650793650794
57.197 0.206349206349206 0 0.793650793650794
57.231 0.26984126984127 -0.0634920634920635 1
57.264 0.206349206349206 -0.0793650793650794 1.26984126984127
57.297 0.158730158730159 0 1.23809523809524
57.331 0.142857142857143 0.0476190476190476 1.07936507936508
57.364 0.174603174603175 0.0317460317460317 0.777777777777778
57.397 0.238095238095238 0.0317460317460317 0.80952380952381
57.431 0.222222222222222 0.0634920634920635 1
57.464 0.19047619047619 0.0634920634920635 0.80952380952381
57.497 0.26984126984127 0.0317460317460317 0.80952380952381
57.531 0.26984126984127 0 1.03174603174603
57.564 0.174603174603175 0.0634920634920635 1.25396825396825
57.597 0.0952380952380952 0.0793650793650794 1.20634920634921
57.631 0.0952380952380952 0.0476190476190476 0.952380952380952
57.664 0.158730158730159 0.0158730158730159 0.746031746031746
57.697 0.19047619047619 -0.0317460317460317 0.825396825396825
57.731 0.222222222222222 -0.0634920634920635 1.0952380952381
57.764 0.174603174603175 -0.0317460317460317 1.34920634920635
57.797 0.0952380952380952 0.0317460317460317 1.28571428571429
57.831 0.142857142857143 0.0793650793650794 1.03174603174603
57.864 0.206349206349206 0.0634920634920635 0.777777777777778
57.897 0.285714285714286 0.0158730158730159 0.841269841269841
57.931 0.238095238095238 0.0158730158730159 1.07936507936508
57.964 0.222222222222222 0.0634920634920635 0.746031746031746
57.997 0.26984126984127 0.0793650793650794 0.873015873015873
58.031 0.19047619047619 0.0634920634920635 1.14285714285714
58.064 0.111111111111111 0.111111111111111 1.31746031746032
58.097 0.0476190476190476 0.142857142857143 1.15873015873016
58.131 0.0793650793650794 0.0952380952380952 0.873015873015873
58.164 0.158730158730159 0.0158730158730159 0.746031746031746
58.197 0.238095238095238 -0.0793650793650794 0.904761904761905
58.231 0.238095238095238 -0.111111111111111 1.19047619047619
58.264 0.206349206349206 -0.0317460317460317 1.28571428571429
58.297 0.158730158730159 0.0317460317460317 1.19047619047619
58.331 0.19047619047619 0.0476190476190476 0.825396825396825
58.364 0.238095238095238 0.0634920634920635 0.761904761904762
58.397 0.253968253968254 0.0634920634920635 0.873015873015873
58.431 0.174603174603175 0.0793650793650794 0.793650793650794
58.464 0.253968253968254 0.0317460317460317 0.777777777777778
58.497 0.253968253968254 0 1.03174603174603
58.53 0.19047619047619 0.0793650793650794 1.26984126984127
58.564 0.0793650793650794 0.0634920634920635 1.20634920634921
58.597 0.0793650793650794 0.0317460317460317 0.984126984126984
58.63 0.158730158730159 0.0158730158730159 0.746031746031746
58.664 0.222222222222222 -0.0158730158730159 0.777777777777778
58.697 0.253968253968254 -0.0476190476190476 1.01587301587302
58.73 0.19047619047619 -0.0634920634920635 1.34920634920635
58.764 0.126984126984127 0.0317460317460317 1.28571428571429
58.797 0.111111111111111 0.0793650793650794 1.06349206349206
58.83 0.174603174603175 0.0793650793650794 0.793650793650794
58.864 0.253968253968254 0.0158730158730159 0.793650793650794
58.897 0.253968253968254 0 1.0952380952381
58.93 0.174603174603175 0.0793650793650794 0.746031746031746
58.964 0.26984126984127 0.0793650793650794 0.904761904761905
58.997 0.174603174603175 0.0476190476190476 1.17460317460317
59.03 0.0952380952380952 0.0952380952380952 1.28571428571429
59.064 0.0317460317460317 0.142857142857143 1.12698412698413
59.097 0.126984126984127 0.0634920634920635 0.777777777777778
59.13 0.158730158730159 0.0793650793650794 0.920634920634921
59.164 0.158730158730159 0.0476190476190476 1.03174603174603
59.564 0.158730158730159 0.0317460317460317 0.984126984126984
59.697 0.174603174603175 0.0476190476190476 1.04761904761905
60.1 0.174603174603175 0.0317460317460317 1.03174603174603
60.5 0.158730158730159 0.0158730158730159 0.984126984126984
60.56 0.174603174603175 0.0317460317460317 1.04761904761905
60.96 0.174603174603175 0.0476190476190476 1.03174603174603
61.36 0.158730158730159 0.0317460317460317 1.01587301587302
61.76 0.174603174603175 0.0317460317460317 1.01587301587302
62.16 0.19047619047619 0.0317460317460317 1.03174603174603
62.26 0.26984126984127 0.0793650793650794 1.12698412698413
62.3 -0.238095238095238 0.0158730158730159 1.77777777777778
62.33 0.666666666666667 -0.0317460317460317 0.349206349206349
62.36 0.0793650793650794 0.253968253968254 1.14285714285714
62.4 -0.174603174603175 -0.19047619047619 1.88888888888889
62.43 0.619047619047619 -0.0317460317460317 0.0952380952380952
62.46 -0.26984126984127 -0.174603174603175 1.95238095238095
62.5 0.714285714285714 0.126984126984127 0.0793650793650794
62.53 -0.206349206349206 0.19047619047619 1.87301587301587
62.56 0.301587301587302 -0.222222222222222 0.873015873015873
62.6 0.365079365079365 0.301587301587302 0.73015873015873
62.63 -0.206349206349206 -0.158730158730159 1.76190476190476
62.66 0.650793650793651 0.0952380952380952 0.111111111111111
62.7 -0.126984126984127 0.19047619047619 1.55555555555556
62.73 0.206349206349206 -0.206349206349206 0.888888888888889
62.76 0.476190476190476 0.317460317460317 0.492063492063492
62.8 -0.349206349206349 -0.174603174603175 2.01587301587302
62.83 0.714285714285714 0.158730158730159 -0.0793650793650794
62.86 -0.222222222222222 0.126984126984127 2.01587301587302
62.9 0.349206349206349 -0.126984126984127 0.619047619047619
62.93 0.285714285714286 0.222222222222222 1.15873015873016
62.96 0.619047619047619 0.158730158730159 0.0476190476190476
63 -0.253968253968254 0.111111111111111 1.95238095238095
63.03 0.476190476190476 -0.0634920634920635 0.238095238095238
63.06 0.126984126984127 0.333333333333333 1.36507936507937
63.1 -0.0158730158730159 -0.238095238095238 1.49206349206349
63.13 0.523809523809524 0.26984126984127 0.619047619047619
63.16 -0.349206349206349 -0.111111111111111 2.01587301587302
63.2 0.698412698412698 0.142857142857143 0.174603174603175
63.23 -0.301587301587302 0.0952380952380952 1.6984126984127
63.26 0.619047619047619 -0.0952380952380952 0.492063492063492
63.3 -0.0952380952380952 0.238095238095238 1.23809523809524
63.33 0.301587301587302 -0.238095238095238 1.0952380952381
63.36 0.317460317460317 0.333333333333333 0.412698412698413
63.4 -0.158730158730159 -0.222222222222222 1.9047619047619
63.43 0.666666666666667 0.301587301587302 0.0793650793650794
63.46 0.53968253968254 -0.0476190476190476 0.333333333333333
63.5 -0.0317460317460317 0.206349206349206 1.53968253968254
63.53 0.238095238095238 -0.222222222222222 1.01587301587302
63.56 0.238095238095238 0.333333333333333 0.777777777777778
63.6 -0.0317460317460317 -0.222222222222222 1.61904761904762
63.63 0.53968253968254 0.253968253968254 0.0952380952380952
63.66 -0.285714285714286 -0.111111111111111 2.01587301587302
63.7 0.682539682539683 0.142857142857143 -0.19047619047619
63.73 -0.317460317460317 0.111111111111111 2.01587301587302
63.76 0.571428571428571 0 0.0952380952380952
63.8 -0.0634920634920635 0.238095238095238 1.74603174603175
63.83 0.301587301587302 -0.174603174603175 0.698412698412698
63.86 0.222222222222222 0.285714285714286 1.33333333333333
63.9 0 -0.222222222222222 1.36507936507937
63.93 0.46031746031746 0.301587301587302 0.571428571428571
63.96 0.650793650793651 0.111111111111111 -0.174603174603175
64 -0.285714285714286 0.126984126984127 2.01587301587302
64.03 0.53968253968254 -0.0317460317460317 0.0634920634920635
64.06 -0.0793650793650794 0.222222222222222 1.77777777777778
64.1 0.317460317460317 -0.158730158730159 0.666666666666667
64.13 0.206349206349206 0.26984126984127 1.42857142857143
64.16 0.0158730158730159 -0.222222222222222 1.34920634920635
64.2 0.428571428571429 0.285714285714286 0.714285714285714
64.23 -0.142857142857143 -0.19047619047619 1.6031746031746
64.26 0.571428571428571 0.238095238095238 0.206349206349206
64.3 -0.26984126984127 -0.0476190476190476 1.96825396825397
64.33 0.666666666666667 0.126984126984127 -0.158730158730159
64.36 -0.333333333333333 0.0952380952380952 2.01587301587302
64.4 0.587301587301587 0.0317460317460317 -0.0952380952380952
64.43 -0.158730158730159 0.206349206349206 1.87301587301587
64.46 0.365079365079365 0.285714285714286 0.873015873015873
64.5 -0.111111111111111 -0.19047619047619 1.52380952380952
64.53 0.523809523809524 0.285714285714286 0.26984126984127
64.56 -0.222222222222222 -0.126984126984127 1.85714285714286
64.6 0.650793650793651 0.174603174603175 -0.142857142857143
64.63 -0.349206349206349 0.0158730158730159 2.01587301587302
64.66 0.634920634920635 0.0793650793650794 -0.142857142857143
64.7 -0.285714285714286 0.158730158730159 2.01587301587302
64.73 0.555555555555556 -0.0476190476190476 0.19047619047619
64.76 -0.0634920634920635 0.206349206349206 1.84126984126984
64.8 0.349206349206349 -0.19047619047619 0.746031746031746
64.83 0.158730158730159 0.26984126984127 1.20634920634921
64.86 0.111111111111111 -0.222222222222222 1.22222222222222
64.9 0.365079365079365 0.301587301587302 0.571428571428571
64.93 0.666666666666667 0.158730158730159 -0.19047619047619
64.96 -0.365079365079365 0.0793650793650794 2.01587301587302
65 0.650793650793651 0.0158730158730159 -0.0476190476190476
65.03 -0.19047619047619 0.19047619047619 2.01587301587302
65.06 0.444444444444444 -0.126984126984127 0.523809523809524
65.1 0.0317460317460317 0.222222222222222 1.33333333333333
65.13 0.222222222222222 -0.253968253968254 1.06349206349206
65.16 0.206349206349206 0.333333333333333 0.793650793650794
65.2 0.0317460317460317 -0.238095238095238 1.50793650793651
65.23 0.444444444444444 0.301587301587302 0.222222222222222
65.26 -0.238095238095238 -0.19047619047619 2.01587301587302
65.3 0.666666666666667 0.253968253968254 -0.0634920634920635
65.33 -0.412698412698413 -0.0634920634920635 2.01587301587302
65.36 0.746031746031746 0.158730158730159 -0.111111111111111
65.4 -0.333333333333333 0.111111111111111 2.01587301587302
65.43 0.0317460317460317 0.285714285714286 1.11111111111111
65.46 0.222222222222222 -0.253968253968254 1.23809523809524
65.5 0.26984126984127 0.333333333333333 0.523809523809524
65.53 -0.0476190476190476 -0.238095238095238 1.76190476190476
65.56 0.555555555555556 0.317460317460317 0.174603174603175
65.6 -0.317460317460317 -0.174603174603175 2.01587301587302
65.63 0.698412698412698 0.253968253968254 0.111111111111111
65.66 -0.444444444444444 -0.0158730158730159 2.01587301587302
65.7 0.714285714285714 0.142857142857143 0.111111111111111
65.73 -0.317460317460317 0.0634920634920635 1.82539682539683
65.76 0.698412698412698 0.0158730158730159 0.380952380952381
65.8 -0.253968253968254 0.126984126984127 1.6031746031746
65.83 0.587301587301587 -0.0634920634920635 0.603174603174603
65.86 -0.19047619047619 0.222222222222222 1.26984126984127
65.9 0.444444444444444 -0.126984126984127 0.603174603174603
65.93 -0.158730158730159 -0.19047619047619 1.6984126984127
65.96 0.523809523809524 0.253968253968254 0.80952380952381
66 -0.238095238095238 -0.158730158730159 1.63492063492063
66.03 0.603174603174603 0.222222222222222 0.492063492063492
66.06 -0.253968253968254 -0.0952380952380952 1.63492063492063
66.1 0.650793650793651 0.206349206349206 0.333333333333333
66.13 -0.285714285714286 -0.0476190476190476 1.71428571428571
66.16 0.682539682539683 0.142857142857143 0.111111111111111
66.2 -0.333333333333333 0.0476190476190476 2.01587301587302
66.23 0.619047619047619 0.0793650793650794 -0.222222222222222
66.26 -0.26984126984127 0.174603174603175 2.01587301587302
66.3 0.555555555555556 0 0.0634920634920635
66.33 -0.142857142857143 0.19047619047619 1.88888888888889
66.36 0.444444444444444 -0.142857142857143 0.476190476190476
66.4 0.0317460317460317 0.253968253968254 1.50793650793651
66.43 0.507936507936508 0.285714285714286 0.253968253968254
66.46 -0.222222222222222 -0.19047619047619 2.01587301587302
66.5 0.650793650793651 0.26984126984127 -0.126984126984127
66.53 -0.396825396825397 -0.111111111111111 2.01587301587302
66.56 0.73015873015873 0.19047619047619 -0.0793650793650794
66.6 -0.412698412698413 0.0634920634920635 2.01587301587302
66.63 0.666666666666667 0.0634920634920635 0.0952380952380952
66.66 -0.285714285714286 0.0952380952380952 1.80952380952381
66.7 0.634920634920635 -0.0476190476190476 0.412698412698413
66.73 -0.222222222222222 0.174603174603175 1.49206349206349
66.8 -0.174603174603175 0.238095238095238 1.23809523809524
66.83 0.444444444444444 -0.126984126984127 0.634920634920635
66.86 0.0317460317460317 0.317460317460317 1.25396825396825
66.9 0.238095238095238 0.253968253968254 0.857142857142857
66.93 -0.19047619047619 -0.19047619047619 1.57142857142857
66.96 0.587301587301587 0.222222222222222 0.634920634920635
67 -0.222222222222222 -0.158730158730159 1.68253968253968
67.03 0.603174603174603 0.238095238095238 0.301587301587302
67.06 -0.26984126984127 -0.0793650793650794 1.76190476190476
67.1 0.650793650793651 0.142857142857143 0.0952380952380952
67.13 -0.365079365079365 0.0158730158730159 2.01587301587302
67.16 0.650793650793651 0.111111111111111 -0.238095238095238
67.2 -0.333333333333333 0.111111111111111 2.01587301587302
67.23 0.619047619047619 0.0317460317460317 -0.0317460317460317
67.26 -0.222222222222222 0.19047619047619 2.01587301587302
67.3 0.555555555555556 -0.0952380952380952 0.285714285714286
67.33 -0.142857142857143 0.206349206349206 1.63492063492063
67.36 0.46031746031746 -0.174603174603175 0.777777777777778
67.4 -0.0476190476190476 -0.206349206349206 1.68253968253968
67.43 0.492063492063492 0.333333333333333 0.301587301587302
67.46 -0.206349206349206 -0.206349206349206 1.79365079365079
67.5 0.587301587301587 0.301587301587302 0.555555555555556
67.53 -0.317460317460317 -0.158730158730159 1.98412698412698
67.56 0.619047619047619 0.238095238095238 0.476190476190476
67.6 -0.26984126984127 -0.0793650793650794 1.6984126984127
67.63 0.619047619047619 0.222222222222222 0.492063492063492
67.66 0.26984126984127 0.158730158730159 0.793650793650794
67.7 0.285714285714286 0.0476190476190476 1
67.73 0.206349206349206 0.142857142857143 1.0952380952381
67.76 0.142857142857143 0.0634920634920635 1.01587301587302
68.16 0.158730158730159 0.0634920634920635 1.01587301587302
68.56 0.158730158730159 0.0634920634920635 1.03174603174603
68.96 0.158730158730159 0.0476190476190476 1.03174603174603
69.36 0.158730158730159 0.0793650793650794 1.01587301587302
69.76 0.158730158730159 0.0476190476190476 1.01587301587302
70.16 0.174603174603175 0.0634920634920635 1.01587301587302
70.56 0.158730158730159 0.0634920634920635 1.01587301587302
70.96 0.174603174603175 0.0317460317460317 1.01587301587302
71.06 0.142857142857143 0.0952380952380952 0.984126984126984
71.1 0.158730158730159 0.0476190476190476 1.04761904761905
71.16 0.158730158730159 0.0476190476190476 0.984126984126984
71.23 0.158730158730159 0.0476190476190476 1.06349206349206
71.3 0.158730158730159 0.0793650793650794 1
71.43 0.158730158730159 0.0476190476190476 1.06349206349206
71.5 0.142857142857143 0.0952380952380952 0.968253968253968
71.56 0.142857142857143 0.0317460317460317 1.06349206349206
71.63 0.158730158730159 0.0793650793650794 1
71.7 0.174603174603175 0.0476190476190476 1.06349206349206
71.83 0.174603174603175 0.0158730158730159 1.06349206349206
71.86 0.19047619047619 0.0476190476190476 1
72.03 0.174603174603175 0.0317460317460317 1.06349206349206
72.1 0.142857142857143 0.0952380952380952 1
72.16 0.174603174603175 0.0158730158730159 1.07936507936508
72.2 0.174603174603175 0.0476190476190476 1.01587301587302
72.3 0.158730158730159 0.0317460317460317 1.07936507936508
72.33 0.174603174603175 0.0476190476190476 1
72.63 0.158730158730159 0.0317460317460317 1.06349206349206
72.7 0.142857142857143 0.0952380952380952 1.03174603174603
72.76 0.174603174603175 0.0158730158730159 1.0952380952381
72.8 0.174603174603175 0.0476190476190476 1.01587301587302
73.1 0.174603174603175 0.0317460317460317 1.07936507936508
73.13 0.174603174603175 0.0476190476190476 0.984126984126984
73.16 0.142857142857143 0.111111111111111 0.984126984126984
73.23 0.158730158730159 0.0158730158730159 1.04761904761905
73.3 0.158730158730159 0.0952380952380952 1.01587301587302
73.43 0.158730158730159 0.0317460317460317 1.03174603174603
73.53 0.158730158730159 0.0952380952380952 1.01587301587302
73.56 0.142857142857143 0.0317460317460317 1.06349206349206
73.63 0.158730158730159 0.0952380952380952 1
73.7 0.174603174603175 0.0317460317460317 1.0952380952381
73.73 0.174603174603175 0.0317460317460317 1.03174603174603
73.76 0.158730158730159 0.0952380952380952 1
73.83 0.158730158730159 0.0317460317460317 1.04761904761905
73.96 0.174603174603175 0.0793650793650794 0.984126984126984
74.03 0.158730158730159 0.0793650793650794 1.06349206349206
74.06 0.174603174603175 0.0158730158730159 1.06349206349206
74.1 0.158730158730159 0.0634920634920635 1
74.33 0.174603174603175 0 1.07936507936508
74.36 0.158730158730159 0.0476190476190476 1
74.76 0.158730158730159 0.0952380952380952 1.03174603174603
74.8 0.158730158730159 0.0317460317460317 1.06349206349206
74.9 0.174603174603175 0.0476190476190476 1
75 0.142857142857143 0.0634920634920635 1.06349206349206
75.1 0.126984126984127 0.126984126984127 0.984126984126984
75.16 0.174603174603175 0.0317460317460317 1.04761904761905
75.23 0.142857142857143 0.111111111111111 0.984126984126984
75.26 0.158730158730159 0.0476190476190476 1.04761904761905
75.43 0.158730158730159 0.111111111111111 1
75.5 0.158730158730159 0.0158730158730159 1.06349206349206
75.56 0.142857142857143 0.0793650793650794 0.968253968253968
75.63 0.174603174603175 0.0317460317460317 1.04761904761905
75.73 0.158730158730159 0.0952380952380952 1.01587301587302
75.8 0.174603174603175 0.0158730158730159 1.04761904761905
75.9 0.158730158730159 0.0634920634920635 0.984126984126984
76.13 0.174603174603175 0.0158730158730159 1.07936507936508
76.16 0.158730158730159 0.0476190476190476 1.01587301587302
76.56 0.158730158730159 0.0634920634920635 1.03174603174603
76.96 0.158730158730159 0.0476190476190476 1
77.36 0.158730158730159 0.0476190476190476 1.03174603174603
77.76 0.158730158730159 0.0476190476190476 1.03174603174603
78.16 0.158730158730159 0.0634920634920635 1.01587301587302
78.56 0.158730158730159 0.0634920634920635 1.04761904761905
78.96 0.158730158730159 0.0793650793650794 1.01587301587302
79.36 0.174603174603175 -0.0158730158730159 1.11111111111111
79.43 0.158730158730159 0.0634920634920635 0.968253968253968
79.5 0.174603174603175 0.0634920634920635 1.07936507936508
79.56 0.158730158730159 0.0634920634920635 1
79.6 0.158730158730159 0.0793650793650794 0.936507936507937
79.63 0.158730158730159 0.0793650793650794 1.03174603174603
79.7 0.158730158730159 0.0158730158730159 1.06349206349206
79.73 0.158730158730159 0.0634920634920635 0.968253968253968
79.83 0.142857142857143 0.0476190476190476 1.07936507936508
79.93 0.158730158730159 0.0952380952380952 0.952380952380952
79.96 0.158730158730159 0.0952380952380952 1.01587301587302
80 0.174603174603175 0.0317460317460317 1.11111111111111
80.03 0.174603174603175 0.0476190476190476 1.03174603174603
80.06 0.174603174603175 0.0793650793650794 0.968253968253968
80.13 0.158730158730159 0.0476190476190476 1.0952380952381
80.16 0.158730158730159 0.0476190476190476 1.01587301587302
80.2 0.174603174603175 0.0634920634920635 0.936507936507937
80.23 0.158730158730159 0.0476190476190476 1.03174603174603
80.3 0.158730158730159 0.0158730158730159 1.0952380952381
80.33 0.158730158730159 0.0793650793650794 0.968253968253968
80.4 0.174603174603175 0.0634920634920635 1.07936507936508
80.46 0.158730158730159 0.0793650793650794 0.936507936507937
80.5 0.158730158730159 0.0634920634920635 1.04761904761905
80.6 0.158730158730159 0.0793650793650794 0.968253968253968
80.63 0.158730158730159 0.0634920634920635 1.07936507936508
80.7 0.158730158730159 0.0476190476190476 0.968253968253968
80.8 0.158730158730159 0.0317460317460317 1.0952380952381
80.83 0.158730158730159 0.0634920634920635 1
80.86 0.142857142857143 0.0952380952380952 0.936507936507937
80.9 0.158730158730159 0.0476190476190476 1.06349206349206
80.96 0.158730158730159 0.0952380952380952 0.984126984126984
81.03 0.158730158730159 0.0476190476190476 1.07936507936508
81.1 0.174603174603175 0.0634920634920635 0.952380952380952
81.16 0.158730158730159 0.0634920634920635 1.11111111111111
81.2 0.158730158730159 0.0634920634920635 1.01587301587302
81.3 0.174603174603175 0.0634920634920635 1.07936507936508
81.36 0.158730158730159 0.0634920634920635 0.952380952380952
81.43 0.158730158730159 0.0476190476190476 1.0952380952381
81.5 0.158730158730159 0.0793650793650794 0.952380952380952
81.53 0.158730158730159 0.0634920634920635 1.01587301587302
81.56 0.174603174603175 0.0317460317460317 1.11111111111111
81.6 0.158730158730159 0.0317460317460317 1.03174603174603
81.63 0.174603174603175 0.0952380952380952 0.968253968253968
81.7 0.158730158730159 0.0476190476190476 1.0952380952381
81.76 0.158730158730159 0.0634920634920635 0.920634920634921
81.83 0.174603174603175 0.0158730158730159 1.0952380952381
81.9 0.142857142857143 0.0793650793650794 0.952380952380952
81.96 0.174603174603175 0.0476190476190476 1.0952380952381
82 0.19047619047619 0.0317460317460317 1.03174603174603
82.03 0.158730158730159 0.0952380952380952 0.952380952380952
82.06 0.158730158730159 0.0634920634920635 1.04761904761905
82.16 0.158730158730159 0.0634920634920635 0.968253968253968
82.23 0.174603174603175 0.0317460317460317 1.0952380952381
82.3 0.158730158730159 0.0793650793650794 0.952380952380952
82.33 0.174603174603175 0.0793650793650794 1.01587301587302
82.36 0.174603174603175 0.0158730158730159 1.12698412698413
82.4 0.158730158730159 0.0476190476190476 1
82.6 0.158730158730159 0.0476190476190476 1.0952380952381
82.63 0.174603174603175 0.0317460317460317 1.03174603174603
82.66 0.174603174603175 0.0634920634920635 0.952380952380952
82.73 0.158730158730159 0.0634920634920635 1.07936507936508
82.8 0.158730158730159 0.0634920634920635 0.968253968253968
82.86 0.174603174603175 0.0317460317460317 1.0952380952381
82.93 0.142857142857143 0.0793650793650794 0.952380952380952
82.96 0.174603174603175 0.0793650793650794 1.03174603174603
83 0.174603174603175 0.0476190476190476 1.0952380952381
83.03 0.174603174603175 0.0634920634920635 0.984126984126984
83.1 0.174603174603175 0.0476190476190476 1.07936507936508
83.16 0.158730158730159 0.0793650793650794 1
83.23 0.158730158730159 0.0634920634920635 1.06349206349206
83.3 0.174603174603175 0.0634920634920635 0.984126984126984
83.36 0.158730158730159 0.0476190476190476 1.0952380952381
83.43 0.158730158730159 0.0952380952380952 0.920634920634921
83.46 0.158730158730159 0.0634920634920635 1.06349206349206
83.53 0.174603174603175 0.0476190476190476 0.984126984126984
83.6 0.174603174603175 0.0634920634920635 1.11111111111111
83.63 0.158730158730159 0.0476190476190476 1.03174603174603
83.7 0.158730158730159 0.0952380952380952 0.936507936507937
83.73 0.158730158730159 0.0634920634920635 1.03174603174603
83.83 0.158730158730159 0.111111111111111 0.968253968253968
83.86 0.158730158730159 0.0634920634920635 1.06349206349206
83.93 0.174603174603175 0.0476190476190476 0.952380952380952
83.96 0.158730158730159 0.0952380952380952 1.01587301587302
84 0.158730158730159 0.0476190476190476 1.11111111111111
84.03 0.158730158730159 0.0634920634920635 1.04761904761905
84.06 0.158730158730159 0.0793650793650794 0.952380952380952
84.1 0.174603174603175 0.0634920634920635 1.01587301587302
84.13 0.158730158730159 0.0317460317460317 1.12698412698413
84.16 0.158730158730159 0.0476190476190476 1.06349206349206
84.2 0.158730158730159 0.0634920634920635 0.968253968253968
84.26 0.174603174603175 0.0476190476190476 1.11111111111111
84.3 0.174603174603175 0.0476190476190476 1.03174603174603
84.33 0.158730158730159 0.0793650793650794 0.936507936507937
84.36 0.158730158730159 0.0476190476190476 1.06349206349206
84.46 0.142857142857143 0.0952380952380952 0.968253968253968
84.5 0.142857142857143 0.0793650793650794 1.06349206349206
84.53 0.174603174603175 0.0158730158730159 1.04761904761905
84.56 0.158730158730159 0.0317460317460317 0.984126984126984
84.63 0.174603174603175 0.0634920634920635 1.11111111111111
84.7 0.174603174603175 0.0476190476190476 0.984126984126984
84.73 0.142857142857143 0.111111111111111 0.952380952380952
84.76 0.158730158730159 0.0476190476190476 0.936507936507937
84.8 0.158730158730159 0.0634920634920635 1.04761904761905
85.1 0.174603174603175 0.0634920634920635 0.984126984126984
85.2 0.158730158730159 0.0634920634920635 1.04761904761905
85.6 0.158730158730159 0.0476190476190476 1.01587301587302
86 0.158730158730159 0.0476190476190476 1.01587301587302
86.4 0.174603174603175 0.0793650793650794 1.03174603174603
86.8 0.158730158730159 0.0476190476190476 1.01587301587302
87.2 0.158730158730159 0.0634920634920635 1.03174603174603
87.6 0.174603174603175 0.0476190476190476 1.03174603174603
87.73 0.174603174603175 0.111111111111111 1.15873015873016
87.76 0.206349206349206 0.0317460317460317 1.01587301587302
87.8 0.158730158730159 0.111111111111111 1.04761904761905
87.83 0.142857142857143 0.0476190476190476 0.984126984126984
87.86 0.126984126984127 0.0317460317460317 1.07936507936508
87.96 0.174603174603175 0.0634920634920635 0.984126984126984
88.1 0.174603174603175 0.0793650793650794 1.06349206349206
88.2 0.19047619047619 0.0793650793650794 0.968253968253968
88.23 0.158730158730159 0.0317460317460317 0.904761904761905
88.3 0.142857142857143 0.0158730158730159 1.06349206349206
88.33 0.158730158730159 0.0793650793650794 1.11111111111111
88.4 0.142857142857143 0.0793650793650794 1
88.6 0.126984126984127 0.0158730158730159 1.03174603174603
88.63 0.174603174603175 0.0793650793650794 0.936507936507937
88.66 0.158730158730159 0.0476190476190476 1
88.83 0.126984126984127 0 1.11111111111111
88.86 0.19047619047619 0.0317460317460317 1.11111111111111
88.9 0.174603174603175 0.0793650793650794 1.03174603174603
88.93 0.158730158730159 0.0476190476190476 0.936507936507937
89 0.158730158730159 0.0476190476190476 1.03174603174603
89.06 0.19047619047619 0.0952380952380952 1.0952380952381
89.13 0.19047619047619 0.0634920634920635 0.968253968253968
89.16 0.158730158730159 0.0793650793650794 0.888888888888889
89.2 0.158730158730159 0.0317460317460317 0.984126984126984
89.23 0.158730158730159 0.0158730158730159 1.12698412698413
89.26 0.158730158730159 0.0952380952380952 1.0952380952381
89.33 0.158730158730159 0.0634920634920635 0.952380952380952
89.36 0.126984126984127 0.0476190476190476 1.01587301587302
89.4 0.206349206349206 0.0793650793650794 1
89.46 0.158730158730159 0.0634920634920635 0.904761904761905
89.5 0.126984126984127 0.0158730158730159 1.03174603174603
89.53 0.19047619047619 0.0793650793650794 1
89.73 0.126984126984127 0.0317460317460317 1.07936507936508
89.76 0.19047619047619 0.0476190476190476 1.07936507936508
89.83 0.158730158730159 0.0634920634920635 0.920634920634921
89.9 0.158730158730159 0.0476190476190476 1.07936507936508
90 0.142857142857143 0.0793650793650794 0.984126984126984
90.03 0.206349206349206 0.0952380952380952 0.968253968253968
90.06 0.158730158730159 0.0634920634920635 0.888888888888889
90.1 0.142857142857143 0.0158730158730159 1.06349206349206
90.2 0.158730158730159 0.0793650793650794 1.03174603174603
90.23 0.158730158730159 0.0634920634920635 0.936507936507937
90.3 0.19047619047619 0.0634920634920635 1.04761904761905
90.36 0.158730158730159 0.0634920634920635 0.984126984126984
90.4 0.111111111111111 0.0317460317460317 1.0952380952381
90.43 0.174603174603175 0 1.07936507936508
90.46 0.206349206349206 0.0793650793650794 1.07936507936508
90.6 0.142857142857143 0.0634920634920635 1.01587301587302
90.63 0.142857142857143 0.0158730158730159 1.07936507936508
90.66 0.19047619047619 0.0793650793650794 1.04761904761905
90.73 0.158730158730159 0.0952380952380952 0.888888888888889
90.76 0.158730158730159 0.0317460317460317 1
90.8 0.174603174603175 0.0158730158730159 1.11111111111111
90.86 0.158730158730159 0.0793650793650794 1.04761904761905
90.9 0.174603174603175 0.0634920634920635 0.936507936507937
91 0.142857142857143 0.0158730158730159 1.11111111111111
91.06 0.174603174603175 0.0476190476190476 1.04761904761905
91.1 0.174603174603175 0.0793650793650794 0.920634920634921
91.16 0.158730158730159 0.0634920634920635 1
91.2 0.174603174603175 0.111111111111111 1.06349206349206
91.3 0.126984126984127 0.0476190476190476 1.11111111111111
91.33 0.158730158730159 0.0476190476190476 1.04761904761905
91.36 0.222222222222222 0.0793650793650794 1.04761904761905
91.4 0.174603174603175 0.0952380952380952 0.904761904761905
91.43 0.142857142857143 0.0317460317460317 0.952380952380952
91.46 0.174603174603175 0.0952380952380952 1.01587301587302
91.5 0.142857142857143 0.0476190476190476 0.936507936507937
91.53 0.126984126984127 0.0634920634920635 1.01587301587302
91.6 0.206349206349206 0.0952380952380952 1.03174603174603
91.63 0.158730158730159 0.0952380952380952 0.920634920634921
91.66 0.126984126984127 0.0317460317460317 1.07936507936508
91.73 0.19047619047619 0.0793650793650794 1.0952380952381
91.76 0.174603174603175 0.0793650793650794 0.984126984126984
91.86 0.158730158730159 0.0634920634920635 1.04761904761905
92 0.174603174603175 0.0634920634920635 0.904761904761905
92.03 0.158730158730159 0.0317460317460317 0.968253968253968
92.06 0.158730158730159 0.0317460317460317 1.06349206349206
92.1 0.158730158730159 0.0952380952380952 1.12698412698413
92.13 0.19047619047619 0.0952380952380952 1.04761904761905
92.16 0.158730158730159 0.0634920634920635 0.984126984126984
92.2 0.126984126984127 0.0476190476190476 1.04761904761905
92.23 0.19047619047619 0.0793650793650794 1.03174603174603
92.3 0.174603174603175 0.0634920634920635 0.920634920634921
92.33 0.142857142857143 0.0317460317460317 0.984126984126984
92.36 0.142857142857143 0 1.0952380952381
92.4 0.174603174603175 0.0793650793650794 0.952380952380952
92.46 0.174603174603175 0.111111111111111 1.01587301587302
92.56 0.126984126984127 0.0158730158730159 1.11111111111111
92.6 0.19047619047619 0.0317460317460317 1.06349206349206
92.66 0.174603174603175 0.0634920634920635 0.936507936507937
92.73 0.158730158730159 0.0317460317460317 1.04761904761905
92.76 0.174603174603175 0.0634920634920635 1.11111111111111
92.83 0.158730158730159 0.0793650793650794 1.01587301587302
92.9 0.174603174603175 0.0634920634920635 0.920634920634921
92.93 0.126984126984127 0.0158730158730159 1.03174603174603
92.96 0.158730158730159 0.0476190476190476 1.11111111111111
93.03 0.142857142857143 0.0634920634920635 1.01587301587302
93.06 0.158730158730159 0.0793650793650794 0.936507936507937
93.1 0.142857142857143 0.0317460317460317 1
93.16 0.19047619047619 0.0952380952380952 1.03174603174603
93.23 0.126984126984127 0.0476190476190476 1.0952380952381
93.26 0.206349206349206 0.0158730158730159 1.04761904761905
93.36 0.142857142857143 0.0793650793650794 1.01587301587302
93.76 0.174603174603175 0.0476190476190476 1.03174603174603
94.16 0.158730158730159 0.0476190476190476 1.01587301587302
94.56 0.174603174603175 0.0634920634920635 1.03174603174603
94.96 0.174603174603175 0.0793650793650794 1.04761904761905
95.36 0.158730158730159 0.0634920634920635 1.03174603174603
95.76 0.174603174603175 0.0952380952380952 1.01587301587302
96.16 0.158730158730159 0.0634920634920635 1
96.3 0.19047619047619 -0.0317460317460317 1.01587301587302
96.33 0.19047619047619 0.0476190476190476 1.06349206349206
96.43 0.142857142857143 0.111111111111111 1.03174603174603
96.63 0.174603174603175 0.0476190476190476 1.03174603174603
96.73 0.158730158730159 -0.0158730158730159 1.01587301587302
96.76 0.142857142857143 0.111111111111111 1
96.9 0.19047619047619 0.0476190476190476 1.03174603174603
97 0.174603174603175 -0.0158730158730159 1.01587301587302
97.13 0.158730158730159 0.0634920634920635 1.04761904761905
97.23 0.19047619047619 0.0158730158730159 0.984126984126984
97.36 0.174603174603175 0.0317460317460317 1.06349206349206
97.46 0.142857142857143 0.0952380952380952 1.01587301587302
97.86 0.158730158730159 0.111111111111111 1.01587301587302
98 0.174603174603175 0.0158730158730159 1.01587301587302
98.2 0.142857142857143 0.0793650793650794 1.03174603174603
98.23 0.174603174603175 0.0158730158730159 1
98.4 0.142857142857143 0.0952380952380952 1.01587301587302
98.6 0.174603174603175 0.0317460317460317 1
98.7 0.142857142857143 0.126984126984127 1.04761904761905
98.76 0.174603174603175 0.0634920634920635 1.01587301587302
98.83 0.19047619047619 0 1.03174603174603
98.96 0.142857142857143 0.0634920634920635 1.04761904761905
99.06 0.126984126984127 0.142857142857143 1.01587301587302
99.13 0.158730158730159 0.0634920634920635 1.01587301587302
99.26 0.142857142857143 0.126984126984127 1
99.36 0.142857142857143 0.0476190476190476 1.03174603174603
99.4 0.206349206349206 0 1.01587301587302
99.53 0.142857142857143 0.0634920634920635 1.01587301587302
99.63 0.142857142857143 0.142857142857143 1.04761904761905
99.66 0.174603174603175 0.0317460317460317 1.01587301587302
99.73 0.142857142857143 0.111111111111111 1.04761904761905
99.86 0.158730158730159 0.0317460317460317 1.03174603174603
99.93 0.174603174603175 -0.0317460317460317 1.03174603174603
100.03 0.158730158730159 0.0634920634920635 1.01587301587302
100.1 0.142857142857143 0.126984126984127 1.03174603174603
100.16 0.19047619047619 0.0476190476190476 1.03174603174603
100.26 0.126984126984127 0.142857142857143 1.01587301587302
100.36 0.158730158730159 0.0317460317460317 1.04761904761905
100.46 0.174603174603175 -0.0317460317460317 1.03174603174603
100.53 0.142857142857143 0.0634920634920635 1
100.6 0.158730158730159 0.142857142857143 1.01587301587302
100.63 0.142857142857143 -0.0158730158730159 1.03174603174603
100.7 0.158730158730159 0.0476190476190476 1.01587301587302
100.76 0.158730158730159 0.126984126984127 1
100.9 0.174603174603175 0.0317460317460317 1.03174603174603
100.96 0.19047619047619 -0.0317460317460317 1.01587301587302
101.06 0.158730158730159 0.0476190476190476 1.01587301587302
101.16 0.174603174603175 -0.0317460317460317 1.04761904761905
101.23 0.158730158730159 0.0317460317460317 1.03174603174603
101.3 0.142857142857143 0.126984126984127 1.03174603174603
101.46 0.174603174603175 0.0158730158730159 1.04761904761905
101.66 0.206349206349206 0 0.984126984126984
101.8 0.142857142857143 0.0476190476190476 1.01587301587302
102.2 0.158730158730159 0.0634920634920635 1.04761904761905
102.6 0.174603174603175 0.0634920634920635 1.01587301587302
103 0.158730158730159 0.0634920634920635 1.01587301587302
103.4 0.174603174603175 0.0634920634920635 1.03174603174603
103.8 0.158730158730159 0.0634920634920635 1.01587301587302
104.56 0.174603174603175 0.0634920634920635 1
104.73 0.158730158730159 0.0476190476190476 1.06349206349206
104.8 0.158730158730159 0.0158730158730159 1
105.2 0.174603174603175 0 1.01587301587302
105.33 0.158730158730159 0.0634920634920635 1.03174603174603
105.53 0.158730158730159 0.142857142857143 1.03174603174603
105.56 0.174603174603175 -0.0158730158730159 1.01587301587302
105.76 0.158730158730159 0.0634920634920635 1.03174603174603
105.86 0.158730158730159 0.126984126984127 1.01587301587302
106.03 0.174603174603175 -0.0158730158730159 1.04761904761905
106.13 0.158730158730159 0.0476190476190476 1
106.23 0.142857142857143 0.111111111111111 1.04761904761905
106.53 0.158730158730159 0.0158730158730159 1.01587301587302
106.6 0.142857142857143 0.0952380952380952 1.04761904761905
107 0.158730158730159 0.0793650793650794 1.04761904761905
107.2 0.142857142857143 0.142857142857143 1.03174603174603
107.36 0.158730158730159 0.0793650793650794 1.03174603174603
107.46 0.174603174603175 0.0158730158730159 1.04761904761905
107.5 0.158730158730159 0.111111111111111 1.03174603174603
107.86 0.174603174603175 0.0476190476190476 1.01587301587302
107.96 0.174603174603175 -0.0317460317460317 1
108 0.158730158730159 0.158730158730159 1.03174603174603
108.16 0.158730158730159 0.0952380952380952 1
108.26 0.174603174603175 0 1.01587301587302
108.46 0.142857142857143 0.126984126984127 1
108.56 0.174603174603175 0.0476190476190476 1.06349206349206
108.73 0.174603174603175 -0.0158730158730159 0.984126984126984
108.96 0.174603174603175 0.0952380952380952 1.01587301587302
109.06 0.158730158730159 0.0158730158730159 1.01587301587302
109.43 0.158730158730159 0.0793650793650794 1.01587301587302
109.46 0.158730158730159 0.0158730158730159 1.01587301587302
109.86 0.158730158730159 0.0634920634920635 1.01587301587302
109.96 0.174603174603175 -0.0158730158730159 1.01587301587302
110.16 0.158730158730159 0.0476190476190476 1
110.3 0.142857142857143 0.111111111111111 1.06349206349206
110.36 0.174603174603175 0.0317460317460317 1.03174603174603
110.76 0.174603174603175 0.0476190476190476 1.01587301587302
111.16 0.142857142857143 0.0476190476190476 1.03174603174603
111.5 0.142857142857143 0.0793650793650794 0.968253968253968
111.56 0.174603174603175 0.0793650793650794 1.06349206349206
111.7 0.158730158730159 0.0634920634920635 0.984126984126984
111.73 0.158730158730159 0.0793650793650794 1.04761904761905
112.13 0.158730158730159 0.0634920634920635 1.01587301587302
112.53 0.158730158730159 0.0476190476190476 1.03174603174603
112.93 0.158730158730159 0.0634920634920635 1.01587301587302
113.16 0.142857142857143 0.142857142857143 1
113.2 0.142857142857143 0.126984126984127 1.07936507936508
113.26 0.174603174603175 0.0317460317460317 1.04761904761905
113.33 0.174603174603175 -0.0317460317460317 1.03174603174603
113.36 0.174603174603175 0.142857142857143 1.06349206349206
113.4 0.19047619047619 0.0793650793650794 1.06349206349206
113.46 0.174603174603175 0.0158730158730159 1.04761904761905
113.66 0.142857142857143 0.0634920634920635 0.968253968253968
113.73 0.174603174603175 0.126984126984127 1
113.86 0.174603174603175 -0.0317460317460317 1
113.93 0.142857142857143 0.0634920634920635 0.952380952380952
114 0.158730158730159 0.126984126984127 0.968253968253968
114.1 0.158730158730159 0.158730158730159 1.03174603174603
114.16 0.158730158730159 0.0793650793650794 1.07936507936508
114.23 0.174603174603175 0.0158730158730159 1.04761904761905
114.36 0.174603174603175 0.158730158730159 1.04761904761905
114.43 0.142857142857143 0.0476190476190476 1.04761904761905
114.5 0.19047619047619 -0.0158730158730159 1.06349206349206
114.63 0.142857142857143 -0.0158730158730159 1
114.7 0.158730158730159 0.0952380952380952 0.984126984126984
114.8 0.158730158730159 0.158730158730159 1
114.83 0.158730158730159 -0.0158730158730159 1.03174603174603
114.9 0.142857142857143 0.0317460317460317 0.952380952380952
114.96 0.158730158730159 0.0793650793650794 1.01587301587302
115 0.174603174603175 0.142857142857143 0.984126984126984
115.13 0.142857142857143 0.142857142857143 1.04761904761905
115.16 0.158730158730159 0.0634920634920635 1.11111111111111
115.26 0.174603174603175 -0.0158730158730159 1.04761904761905
115.33 0.158730158730159 0.158730158730159 1
115.4 0.158730158730159 0.0793650793650794 1.04761904761905
115.46 0.174603174603175 0 1.04761904761905
115.7 0.158730158730159 0.0793650793650794 1
115.76 0.174603174603175 0.142857142857143 0.984126984126984
115.8 0.158730158730159 -0.0476190476190476 1.03174603174603
115.86 0.158730158730159 -0.0158730158730159 0.968253968253968
115.93 0.174603174603175 0.0793650793650794 0.984126984126984
116.03 0.158730158730159 0.174603174603175 1
116.1 0.142857142857143 0.126984126984127 1.06349206349206
116.2 0.174603174603175 0.0634920634920635 1.06349206349206
116.26 0.158730158730159 -0.0317460317460317 1.07936507936508
116.3 0.174603174603175 0.174603174603175 1
116.36 0.158730158730159 0.111111111111111 1.06349206349206
116.43 0.19047619047619 0.0476190476190476 1.06349206349206
116.53 0.142857142857143 -0.0317460317460317 1.03174603174603
116.63 0.158730158730159 0.0476190476190476 0.968253968253968
116.76 0.142857142857143 0.142857142857143 1
116.8 0.142857142857143 -0.0317460317460317 1.04761904761905
116.86 0.158730158730159 0 0.968253968253968
116.9 0.158730158730159 0.0634920634920635 1.01587301587302
116.96 0.158730158730159 0.142857142857143 1.01587301587302
117.1 0.158730158730159 0.142857142857143 1.07936507936508
117.16 0.174603174603175 0.0476190476190476 1.03174603174603
117.23 0.158730158730159 -0.0158730158730159 1.03174603174603
117.3 0.158730158730159 0.174603174603175 1.01587301587302
117.36 0.174603174603175 0.111111111111111 1.07936507936508
117.43 0.19047619047619 0.0317460317460317 1.04761904761905
117.5 0.142857142857143 -0.0634920634920635 1.03174603174603
117.56 0.174603174603175 0 1
117.66 0.142857142857143 0.0634920634920635 1
117.73 0.142857142857143 0.158730158730159 0.968253968253968
117.76 0.158730158730159 -0.0158730158730159 1.01587301587302
117.9 0.158730158730159 0.0634920634920635 0.984126984126984
117.96 0.142857142857143 0.142857142857143 1.01587301587302
